 -1444
 2048
 2605
 2875
 7752
 -236
 5844
 2968
 655
 -6371
 5681
 5433
 7521
 -4470
 -6550
 1718
 4846
 -6512
 3294
 -1809
 4845
 -4481
 7558
 -6533
 -5357
 -7098
 3085
 -5653
 -7827
 -7181
 -2735
 7480
 -5955
 -4430
 -5323
 -89
 7696
 6985
 5666
 2820
 -4293
 -888
 -6426
 -7113
 -4681
 7980
 -5729
 4420
 -7040
 3320
 -82
 -2877
 -7227
 4851
 4347
 -3421
 3293
 6046
 1278
 4358
 -157
 1251
 2782
 3476
 -4661
 -1309
 127
 6854
 4627
 -3263
 -4751
 -1324
 -6912
 4106
 -1437
 -6519
 -7794
 -3199
 -6392
 -3225
 199
 32
 -5665
 7897
 1499
 3122
 -6471
 1310
 1962
 -2695
 -6353
 4757
 -1329
 -135
 4666
 -5368
 -4103
 -5600
 -3160
 3954
 -6816
 -1051
 1955
 -4606
 4266
 6806
 -7336
 4366
 2380
 6859
 4233
 -1486
 -3223
 6329
 5082
 -4102
 13
 -7341
 -7352
 -354
 -1378
 7008
 4595
 4400
 3116
 4251
 -4735
 7456
 -2372
 -1964
 -6277
 2171
 -3320
 -6941
 -5884
 5498
 3221
 -7048
 -7332
 -3415
 4473
 314
 5167
 2249
 873
 -1421
 7285
 -1937
 4136
 -4832
 -2402
 1761
 -306
 1475
 -754
 -7928
 -6501
 780
 2237
 3484
 -5914
 -5867
 -447
 430
 2978
 -1376
 -2130
 -7788
 -5522
 -1751
 -6152
 3589
 1863
 -7636
 -2828
 7380
 -853
 1898
 -144
 -2785
 -3737
 -1445
 -5331
 -7071
 -4148
 -4360
 -4851
 -7372
 2392
 542
 5499
 -4096
 2637
 1527
 -7396
 3578
 -3972
 -628
 697
 -4550
 -4553
 250
 -146
 1230
 6700
 -1272
 3657
 -6073
 5699
 2099
 2437
 -2506
 -2245
 7546
 -1100
 -2333
 2038
 1903
 4697
 -1595
 5798
 -6899
 3767
 3560
 6019
 -2282
 -7115
 5293
 7475
 -7720
 -5580
 3169
 -7330
 4308
 2192
 -4070
 -3612
 6643
 191
 -2177
 2277
 -4011
 2167
 3027
 -912
 2267
 1181
 -5083
 -7954
 6452
 -5563
 5738
 2014
 -3650
 333
 -7093
 1694
 -625
 -2429
 -3429
 3818
 6109
 3213
 6884
 46
 1119
 -1867
 -7914
 -5735
 5481
 730
 -4438
 5653
 -6497
 7403
 2694
 -6495
 -715
 -5931
 -107
 1427
 3359
 7236
 -3486
 5723
 7174
 -3327
 -6494
 -6575
 7594
 28
 -929
 -2089
 -3015
 -195
 -4091
 7411
 136
 3803
 550
 3105
 1825
 2926
 -7085
 -392
 -3105
 5838
 7199
 7483
 -6260
 -2511
 -7015
 -4442
 -1293
 -422
 184
 -7932
 -1914
 -1841
 177
 784
 5138
 -2566
 6696
 -6065
 -3606
 -4473
 -7594
 4514
 2653
 7203
 -1389
 2228
 3579
 -4064
 -1057
 -3503
 5308
 5039
 5708
 4734
 -878
 -313
 2200
 -563
 5004
 6270
 5183
 -3672
 564
 -2271
 -4526
 80
 5587
 2770
 4052
 857
 2507
 3388
 -4060
 6917
 2314
 -376
 2347
 -1784
 2473
 -1901
 -15
 -7764
 3573
 -2881
 -452
 -7499
 512
 -145
 7247
 -1990
 -2561
 -3922
 4831
 1642
 -2336
 -6848
 875
 -3069
 5159
 1334
 7490
 -7921
 -1395
 -4282
 7398
 -5622
 4641
 -2024
 -5302
 -5657
 -4118
 -7097
 3188
 5493
 7634
 -3307
 1089
 677
 119
 3992
 -3517
 4611
 7673
 -1794
 7886
 3455
 -3710
 -1432
 -3376
 4351
 5241
 -1885
 4917
 734
 -821
 588
 6416
 3996
 -7347
 -550
 -4506
 6969
 -843
 2587
 4029
 1832
 -4517
 6773
 7310
 -7134
 -3857
 5860
 1319
 3147
 4911
 6290
 -1838
 -4435
 -1556
 -5363
 -5240
 4758
 -3430
 6450
 7334
 345
 -1878
 -2854
 -952
 -2457
 -3997
 -5203
 173
 7623
 -6573
 6788
 -1567
 -6927
 357
 -2256
 5240
 2923
 -3910
 -5889
 -2222
 -1474
 -1792
 -6662
 6906
 4340
 -2350
 3265
 3636
 -1858
 2289
 -5303
 3765
 -4006
 -3329
 6295
 -5788
 1535
 -4884
 -440
 6330
 2989
 1598
 5940
 1239
 4517
 6893
 -3575
 -4931
 -5675
 -2374
 -1237
 -2275
 7392
 3546
 -6445
 1392
 4405
 6793
 4404
 -6226
 3946
 5337
 781
 -6643
 -3566
 -3728
 1102
 5161
 3376
 5364
 -6874
 -5250
 2655
 5033
 -6714
 2415
 -4842
 1876
 -1925
 -7746
 331
 7589
 -2954
 -7756
 4709
 -3521
 -5089
 -2708
 -2748
 1868
 -2069
 -2009
 1295
 -4075
 -1913
 6825
 -4188
 6218
 -7383
 3868
 -4530
 6406
 -6568
 3160
 5744
 -6692
 -3902
 -3873
 -7222
 -6378
 -1303
 -6480
 -3209
 5833
 -5491
 6266
 3050
 -3296
 7721
 4890
 2041
 -7622
 236
 3212
 2847
 1274
 -4394
 -5411
 4689
 -1934
 -3177
 -2730
 -6402
 1059
 4407
 5698
 -7438
 7705
 -3091
 -6707
 676
 5509
 5359
 3125
 4807
 106
 2522
 -6570
 6273
 639
 -734
 -272
 2959
 -6337
 1933
 -7646
 -464
 -3636
 7975
 2454
 -1931
 -643
 2057
 2688
 -4733
 4390
 6089
 6417
 -6395
 -1760
 -7759
 -3797
 2280
 -6324
 626
 -6437
 7191
 -6061
 7118
 -1276
 -2512
 -1718
 -5666
 -3053
 -1917
 275
 -3084
 -7656
 -4780
 6195
 -7536
 1786
 -7029
 -1067
 -4079
 2612
 -2775
 -262
 2569
 7733
 -194
 -4982
 5292
 -5527
 -4053
 -5782
 5117
 7219
 -6812
 -2270
 2400
 -1188
 7122
 7767
 -288
 -3049
 4108
 -4513
 4613
 -2665
 -3071
 760
 3103
 7148
 992
 4841
 821
 1190
 -5972
 -1548
 -202
 3279
 329
 -1065
 -489
 -7170
 2975
 -2340
 -2133
 3173
 -4246
 -6660
 893
 5508
 -7415
 -5146
 -2468
 2232
 7675
 -3628
 -5179
 -2496
 -1814
 -4556
 -559
 5358
 -3648
 5555
 -5577
 3239
 1048
 -4654
 -294
 1785
 -3547
 7763
 -1764
 -2035
 -5606
 7870
 -2479
 -652
 -3823
 5124
 -382
 636
 7032
 1238
 7515
 6683
 7564
 6708
 -1522
 4054
 964
 -5637
 -3020
 7178
 -2702
 2575
 6389
 -5237
 6665
 -3413
 112
 5412
 -4304
 -1091
 -7838
 -137
 2734
 5784
 4041
 -5266
 4916
 -451
 7563
 -3198
 4891
 -6911
 7107
 2390
 -605
 -5163
 180
 -6724
 1473
 537
 -1253
 3347
 -6032
 2322
 -3528
 2301
 1532
 -7669
 4
 7994
 -2389
 -3632
 -2706
 -1939
 -2879
 6684
 -2088
 -4672
 1912
 -6514
 5127
 5347
 3386
 -5602
 -2742
 -5944
 1735
 5605
 -3335
 -968
 -6826
 -2851
 4426
 -7671
 -17
 -1375
 6236
 -6639
 723
 2724
 4243
 7275
 -4711
 4497
 -6719
 1429
 -3114
 -2656
 115
 4285
 -5112
 -6120
 590
 -22
 -633
 7720
 651
 5829
 3209
 -6761
 -2957
 74
 -6280
 -5070
 4698
 4602
 5686
 -6465
 277
 6136
 3916
 -1172
 5017
 -1669
 4047
 6988
 -2430
 -2332
 2530
 -7131
 3871
 1991
 -5475
 2580
 -412
 1020
 -1096
 5908
 1276
 850
 1972
 6967
 -1133
 1005
 -6022
 -6220
 5487
 7628
 5674
 -4642
 -5345
 1374
 -150
 4075
 -3250
 503
 -2143
 -2156
 1498
 3654
 -6185
 -7790
 1723
 5109
 2535
 5755
 -3948
 1937
 -5424
 -6891
 -5721
 2527
 -6263
 272
 1032
 5040
 1200
 -3895
 7977
 -6404
 7170
 -6588
 -85
 3634
 3521
 7099
 -3275
 6239
 -473
 3522
 -7539
 787
 -2629
 1256
 5260
 6571
 990
 -3557
 1974
 6878
 -1652
 6446
 6731
 -5733
 -7534
 54
 -2666
 4496
 2062
 -1553
 7595
 7106
 -6548
 -7813
 -7884
 5115
 -2538
 -5826
 598
 -7013
 -2700
 1061
 -7751
 -5009
 7328
 7615
 -2361
 7736
 -6959
 -1857
 -6729
 2487
 -2242
 3158
 4329
 2518
 -2444
 1692
 -3769
 -180
 -7106
 -6955
 -5218
 -7526
 -7508
 -5452
 -7011
 -4265
 -7916
 -2581
 3056
 -5590
 3389
 -4283
 5646
 -2509
 5212
 -1401
 4930
 4718
 -2987
 1630
 1750
 4856
 2947
 5675
 4105
 6254
 -2417
 1409
 -1451
 4460
 -7365
 5133
 4934
 -4639
 365
 -4548
 3195
 -1027
 3510
 -2983
 -7721
 -4833
 -1415
 -3456
 -4590
 -4234
 2594
 2091
 4588
 3452
 1645
 -5241
 -4125
 -6405
 5800
 -323
 -7476
 -3481
 -5170
 -4309
 -2385
 2378
 3617
 762
 -3777
 4776
 375
 -2434
 3495
 -3124
 3761
 -3098
 -2151
 -1795
 -11
 2160
 5044
 6771
 2006
 -4615
 1542
 -227
 1626
 2100
 -6400
 5915
 -2952
 -5139
 5107
 -3228
 1796
 -7243
 -7384
 -6739
 -3928
 -4928
 -1005
 -4712
 5792
 -5586
 2753
 -840
 114
 -4856
 7921
 -266
 7353
 -6270
 -6113
 6981
 -4835
 4200
 6810
 5607
 -7145
 128
 -7321
 -6314
 2119
 -5524
 -7850
 -5528
 -5157
 3554
 -6872
 -3489
 4059
 1157
 7349
 -1391
 -204
 -1234
 6569
 -5996
 -7425
 -3346
 -4025
 3101
 -5720
 -1955
 -2363
 -6521
 -2807
 -1563
 -4087
 4897
 -6967
 -5667
 6949
 4728
 4537
 5367
 -3423
 -7899
 -1461
 6469
 3530
 6900
 -274
 305
 3182
 -1099
 -4722
 2191
 6958
 -6339
 -1836
 -5633
 -948
 4071
 -2381
 -568
 2562
 3987
 -4144
 -6367
 -986
 1985
 -7909
 -3397
 -5705
 -5450
 -4014
 -3473
 6422
 -3946
 -7072
 -2180
 -5311
 -624
 3093
 3977
 -6170
 -1501
 7555
 4745
 -5220
 -4109
 -6905
 -3148
 -494
 3175
 2458
 -7392
 -1644
 -6996
 213
 -2201
 5070
 6604
 -4419
 -182
 -198
 -4903
 5767
 767
 31
 6668
 4550
 -5295
 -1424
 -5971
 -1851
 6392
 2107
 -4388
 4094
 -4439
 -6868
 2521
 4545
 -1284
 -706
 3999
 2684
 1442
 -1830
 6336
 5644
 -4845
 6670
 6062
 5013
 6271
 -6138
 -7736
 4290
 7557
 -4945
 -1897
 547
 7013
 916
 404
 5808
 -221
 3817
 -7529
 -5355
 -3724
 5386
 5619
 -7835
 1649
 -3377
 -7853
 -2414
 813
 -5340
 -6081
 -6375
 5368
 4437
 1161
 -973
 -506
 7277
 -1349
 -199
 -1882
 276
 3190
 -4729
 -4004
 -2829
 -4873
 -7511
 1881
 -5249
 -7608
 2090
 4202
 -2823
 -7004
 -3644
 -1431
 -6675
 -1573
 -5128
 1766
 -7785
 4414
 -5536
 -3282
 -7449
 -1886
 2300
 -4511
 6576
 1534
 -4777
 3699
 -4515
 6119
 -780
 7580
 7666
 93
 4492
 -1332
 -3656
 5118
 -3451
 -7362
 -7195
 5917
 -2367
 2869
 783
 -3220
 701
 2476
 -7197
 1338
 6405
 -1929
 3621
 -6518
 1775
 6247
 -3905
 -401
 5856
 845
 613
 6123
 6214
 -7525
 6523
 -1434
 3556
 476
 3298
 -7245
 -6249
 -7657
 -7032
 6486
 -565
 -2493
 -5172
 599
 -6434
 1010
 -6440
 2973
 5901
 -2433
 -6680
 -7479
 -1594
 -2679
 1746
 6591
 3256
 -1132
 -414
 7466
 -2041
 2086
 897
 519
 -1912
 -2905
 3447
 4963
 -3676
 -4753
 -6403
 -3316
 -6153
 5269
 3527
 -1825
 -2465
 -4412
 -6837
 3475
 -2709
 3793
 -6107
 -1030
 -1123
 -5503
 -1159
 -6734
 4820
 3772
 6473
 7772
 4409
 6623
 5486
 2356
 -4564
 -7845
 6084
 -4760
 -4692
 6563
 1147
 -4139
 -7693
 -2218
 -1585
 -1680
 -4105
 -5554
 4298
 2445
 5843
 -4941
 2737
 6577
 5442
 5996
 -1336
 3080
 -4794
 -6321
 7157
 3194
 4632
 -7950
 4925
 7865
 3461
 5418
 -5541
 -6526
 5106
 5439
 -5726
 -7065
 2257
 -1910
 2372
 7303
 -4565
 458
 4908
 6413
 6905
 3051
 4322
 1060
 -6025
 3775
 2520
 -6217
 452
 -5282
 -1505
 4552
 7125
 2348
 -5199
 7110
 -5595
 -1592
 -5855
 7208
 4470
 -188
 7818
 5431
 5447
 5190
 -3395
 6054
 -1086
 -2845
 1108
 -3906
 3329
 338
 -4682
 -5879
 -1260
 -370
 -1547
 3469
 -1583
 -253
 -2458
 -225
 1940
 3555
 7064
 4798
 -2014
 234
 5361
 6509
 -5938
 6986
 -3037
 5245
 -5505
 3909
 -5310
 -941
 -7151
 -879
 -6658
 5655
 -3841
 -7436
 6366
 -3994
 -2042
 -6602
 6081
 -2075
 -7256
 2087
 1809
 544
 -7980
 7439
 -7266
 -282
 -1617
 6217
 -2619
 -1952
 -3924
 1094
 -1177
 6697
 4740
 -6649
 1517
 1215
 6973
 -7129
 -496
 -2452
 -1320
 1487
 -60
 -2667
 -6541
 -1763
 4434
 -3066
 1080
 -4393
 7179
 2928
 -249
 7386
 7362
 1416
 4608
 7640
 1038
 4156
 745
 1559
 3540
 1739
 5099
 7440
 1659
 -6479
 3467
 5864
 -1209
 4418
 -2370
 6064
 7316
 -2630
 1045
 3114
 5548
 5944
 -5973
 2056
 -428
 -2191
 -7514
 25
 -5458
 371
 73
 3860
 5031
 -704
 4168
 -6847
 -1984
 -4667
 -6626
 1999
 -7418
 -6690
 4585
 -1137
 -7172
 -7596
 -6169
 -5204
 -3803
 -6977
 1321
 -1691
 -6537
 7781
 -6962
 5538
 5235
 -4244
 2013
 5253
 -3863
 7744
 7743
 3769
 1189
 -622
 -3422
 2122
 1829
 -7307
 -1517
 5357
 -2227
 6921
 -1705
 -4936
 -2884
 7710
 -5594
 5769
 3947
 -5379
 -3838
 -7816
 -588
 -444
 -4319
 -1112
 5153
 -159
 1360
 -1170
 3670
 -4082
 7444
 982
 -7077
 7049
 -905
 -6963
 6316
 -132
 -4852
 -3923
 -1650
 -6349
 -5987
 -1438
 1350
 3587
 3487
 6599
 -4055
 -532
 -2744
 2964
 -2551
 802
 -340
 743
 3700
 3919
 -7925
 -3657
 -7996
 4822
 7934
 3795
 -7804
 -1759
 -5658
 527
 6301
 122
 1711
 -7315
 7407
 -310
 2258
 -5270
 -4909
 5252
 3847
 -7351
 4685
 -5746
 6066
 -2335
 -7075
 -1708
 523
 -3485
 -6702
 716
 4415
 -1730
 6116
 -3050
 -6372
 -2557
 2773
 -7221
 -6504
 391
 -7311
 3896
 -6177
 -4271
 -4993
 5145
 7899
 -475
 -1615
 -1500
 -2144
 1688
 -5599
 627
 7165
 -5708
 2526
 -7258
 -5974
 -2128
 -1366
 -3414
 -3357
 1665
 -5786
 1510
 -2082
 -2780
 6314
 176
 -859
 708
 -2816
 3913
 -2487
 -4190
 -7278
 7312
 -7828
 -3799
 -305
 -5750
 7344
 -1297
 -2992
 2588
 -4140
 -3249
 2898
 -492
 -5941
 1634
 -2347
 7373
 -7455
 3134
 1141
 7866
 -2436
 -6775
 -5198
 5184
 6097
 7305
 2501
 1743
 -7390
 7706
 328
 147
 2047
 -4433
 -4465
 -2898
 -2263
 -4115
 4042
 7609
 -1147
 -1673
 1824
 2819
 11
 -5304
 5210
 433
 265
 -1657
 1001
 -2756
 1662
 -880
 4250
 2994
 1403
 3200
 7894
 2405
 -3738
 1471
 -5210
 3272
 -301
 3453
 7641
 -7079
 -4207
 -2896
 -3934
 7325
 -6374
 -1781
 -3609
 7102
 903
 -7833
 1019
 3584
 -5706
 2558
 5234
 1328
 -5575
 -357
 7054
 -810
 7367
 -7558
 -7487
 2581
 -1709
 3655
 -3436
 -998
 -153
 -4659
 2695
 -3850
 -1525
 -4072
 -3008
 -1755
 -6343
 -1267
 -2111
 7381
 -3406
 2251
 -5063
 -7971
 4933
 52
 3398
 4965
 -7051
 -3365
 2849
 -1565
 2579
 -5401
 -600
 -2354
 1521
 -985
 -507
 -4080
 -7417
 1583
 5817
 1279
 5516
 -149
 3019
 -598
 -4863
 3284
 -5098
 -1405
 1495
 3040
 -210
 507
 -3711
 -7676
 6155
 7651
 -2938
 -56
 7837
 6040
 3421
 823
 -983
 -6745
 -5212
 1790
 4672
 -4804
 7169
 6100
 -4376
 -1534
 2710
 -7296
 -6940
 -7567
 1248
 2094
 38
 5869
 -6281
 -2360
 -6326
 6562
 -4673
 -6989
 -2224
 -4133
 2945
 -6469
 2052
 7458
 2589
 516
 -4173
 -2624
 -6218
 -676
 6916
 7319
 -689
 2318
 -3982
 -5812
 2431
 1242
 1345
 569
 -5965
 -1394
 -5088
 -5297
 -6340
 -4640
 6175
 -6561
 -1817
 5381
 1631
 455
 2340
 7694
 1379
 -1631
 -471
 6118
 -5808
 5220
 6009
 6622
 -2765
 -4176
 -95
 641
 597
 -5437
 -423
 -76
 7193
 -6319
 3431
 5296
 -6401
 -4840
 3708
 7660
 2577
 -4455
 -7159
 5424
 -6971
 376
 6052
 -3999
 -7792
 188
 950
 -4151
 1627
 6078
 5404
 7536
 4576
 -7969
 3915
 4161
 -7312
 -1684
 7802
 -7284
 1633
 -2922
 3228
 -1915
 5962
 7520
 -3625
 -1508
 -942
 6099
 -1977
 4796
 3841
 7892
 -3021
 1514
 4764
 5076
 -1761
 2852
 -1344
 -4367
 6275
 -3671
 3136
 3857
 1044
 -7892
 3588
 133
 3109
 4860
 -5160
 1943
 -3882
 2349
 2474
 2545
 5272
 1492
 1674
 -2596
 -844
 3838
 2593
 6729
 3207
 6974
 7738
 4861
 -2170
 1756
 -6276
 -4381
 -1900
 3727
 -7868
 6110
 4269
 7679
 3383
 -6014
 -5202
 -2576
 -201
 4875
 -3016
 -5076
 -3958
 5531
 -7535
 -868
 -1520
 -5423
 1994
 -2674
 -5692
 606
 7314
 -4687
 5855
 5221
 2836
 -7694
 -3193
 -2616
 -5662
 -7186
 -5263
 -5493
 786
 -3788
 7468
 -1575
 3226
 1848
 -3845
 -7902
 6583
 -5289
 4783
 6767
 -5925
 759
 3479
 -7310
 1099
 -312
 -6741
 7500
 3274
 2293
 220
 3688
 7085
 -4107
 6556
 6481
 6145
 -3696
 -2039
 3425
 58
 6355
 -5057
 -1143
 -6127
 -7963
 4107
 7215
 -3294
 -3343
 -2713
 -7074
 -3640
 -2038
 6898
 5782
 6560
 246
 6735
 928
 -1310
 -7757
 -6442
 5021
 4048
 5936
 -4306
 2246
 2565
 2074
 3199
 3798
 582
 -5845
 -7429
 -3660
 3895
 1960
 4297
 -4177
 4066
 -5136
 4274
 7862
 -1961
 3968
 7976
 -6115
 1372
 -1244
 4664
 -848
 -4081
 2118
 -1115
 5586
 4330
 -224
 6703
 -3210
 1987
 -967
 7584
 2362
 7126
 6228
 3083
 -7377
 2145
 5934
 7586
 -4574
 987
 -232
 -7727
 3148
 1448
 6148
 -2342
 -1141
 7965
 766
 -6736
 4462
 4419
 4589
 -2605
 7077
 707
 2344
 3845
 5006
 6597
 -6763
 7005
 -700
 -351
 -2832
 -1700
 -5405
 2844
 6120
 2337
 7321
 -2808
 -4677
 -6244
 -7207
 -1527
 5206
 -7444
 -2307
 -1865
 -474
 7646
 -5983
 1588
 -4957
 5334
 856
 3966
 2425
 7090
 -1832
 -1599
 7198
 5621
 -4451
 -7073
 -2585
 3757
 -6931
 5087
 5919
 6380
 -4652
 7522
 -6591
 7399
 6600
 444
 -7178
 -7467
 -7257
 -2752
 3349
 5718
 6565
 -972
 -7600
 -5870
 -5832
 -4472
 1821
 2910
 739
 3458
 -467
 -6053
 -4704
 -1181
 5194
 4413
 2850
 -4805
 3150
 -3322
 -3374
 -6432
 1771
 -1139
 1957
 6351
 7572
 6160
 3575
 -6722
 1551
 -2544
 -7795
 -7231
 -2892
 -2183
 -2822
 5972
 -5916
 3456
 4313
 4188
 -2240
 -6893
 7202
 2893
 -3542
 -7962
 -4831
 4661
 -4977
 -5161
 -1622
 -6889
 -6
 -4201
 1303
 -483
 2621
 -63
 6479
 2129
 -6973
 1148
 5470
 -1034
 3735
 6834
 -1364
 -217
 4025
 5360
 -7615
 555
 -1969
 -4420
 1939
 4715
 401
 -2902
 -3339
 1250
 4144
 829
 4829
 -4316
 -822
 5475
 6440
 2019
 -7251
 6112
 -5585
 -7729
 -2330
 4960
 -1693
 -3297
 -1386
 5484
 -5320
 -7731
 785
 2286
 -2963
 -1973
 -42
 -7981
 -5194
 5721
 6652
 -280
 3180
 -5579
 -5060
 -964
 -7647
 2525
 -7808
 -4185
 765
 -4813
 3736
 -1000
 801
 4057
 3063
 5896
 -766
 -6843
 5582
 1998
 6757
 -7894
 2936
 534
 -6910
 -1831
 5759
 7850
 -7988
 4486
 1553
 -4056
 2714
 -7474
 -1766
 26
 6694
 2166
 -4295
 6245
 -6246
 -7704
 3410
 -2107
 -6525
 5014
 4246
 5169
 -7361
 -3162
 -3677
 3932
 -7551
 1393
 -7423
 -6024
 -971
 -5145
 6319
 657
 4938
 6439
 -4231
 -3088
 -4824
 -5107
 -6485
 5758
 1619
 -7358
 -1002
 1110
 6992
 -211
 5667
 972
 -7067
 7472
 2767
 7867
 -2208
 -4596
 4288
 7787
 1550
 -4613
 7121
 -1987
 -900
 7539
 3539
 -2085
 2021
 -1740
 -2184
 1942
 -4333
 -790
 4869
 6948
 -1111
 -2637
 4017
 -374
 1415
 -6773
 -7559
 5062
 -6600
 684
 2860
 -7041
 3260
 6221
 7295
 -1472
 6860
 4027
 3230
 2693
 595
 5768
 -3279
 -18
 3297
 -4296
 -2694
 -366
 -7603
 -6500
 2262
 -5011
 3302
 -3450
 4210
 -4159
 4110
 -6924
 3558
 -7441
 7241
 594
 6724
 3177
 245
 -3137
 836
 3829
 2877
 -642
 407
 -1860
 7860
 -398
 5879
 7021
 4254
 3812
 -522
 -4238
 -28
 -3637
 7993
 7920
 -3234
 -462
 -406
 -1697
 7907
 -304
 1262
 320
 3270
 3897
 -472
 1691
 7741
 -7723
 7183
 1433
 1293
 3104
 7978
 -6863
 273
 1413
 -5663
 4583
 -2749
 464
 -7964
 5622
 1956
 7702
 6359
 -36
 -6173
 2863
 7610
 -5280
 4044
 -5753
 5857
 2623
 -5301
 -5406
 7960
 668
 -5515
 -3484
 -1313
 -3661
 3759
 4140
 5796
 7355
 -5847
 422
 4780
 2130
 7474
 7
 238
 6891
 -1085
 1076
 7167
 5922
 7954
 5200
 3751
 -3716
 7703
 6086
 -6414
 -6161
 -2456
 -5932
 6437
 -5391
 7489
 -4034
 -2257
 -7677
 1220
 4303
 6650
 2402
 3490
 -1481
 3993
 -6126
 -2769
 -7482
 3960
 -487
 -5415
 6232
 182
 7220
 -1852
 -5739
 4961
 3432
 -3286
 -5901
 2754
 -6282
 -7919
 -3959
 3525
 -4634
 -6817
 2329
 3326
 1865
 2104
 -151
 2803
 5457
 -7865
 6494
 2586
 6636
 4333
 880
 6711
 -2562
 1337
 1494
 7290
 6017
 1506
 8
 -2934
 5270
 6649
 1281
 -4313
 -2300
 1203
 2679
 1849
 585
 -584
 -6552
 -4223
 -6259
 1792
 4566
 -415
 -5206
 2353
 -1258
 798
 -3653
 4634
 362
 5874
 3378
 -5354
 7827
 -7246
 1650
 -4015
 2952
 -3369
 7322
 546
 -3259
 -5077
 -7087
 -5224
 -5509
 3721
 7716
 2979
 670
 -7550
 -5019
 14
 5409
 -6737
 7465
 -7822
 3563
 3733
 -2341
 -1551
 5256
 1704
 139
 -5871
 5905
 -4326
 -5389
 6182
 6679
 6545
 3718
 4826
 -4208
 -4467
 2443
 2026
 5259
 -1779
 5714
 6924
 -4559
 5773
 -2405
 2395
 -254
 -3965
 -2686
 5526
 1041
 7948
 7541
 -7923
 -2950
 2570
 -3892
 -6950
 -4138
 -6824
 -2670
 2515
 -5697
 -1629
 -3126
 3046
 -7701
 1283
 -4616
 7010
 3054
 -338
 803
 6122
 -5068
 6202
 5830
 4480
 -73
 -3865
 1570
 -4529
 6037
 4111
 6311
 471
 -2865
 3662
 -4625
 2183
 4948
 -4217
 6772
 4618
 -751
 4658
 7655
 -2918
 1891
 -960
 3454
 7270
 -6146
 7255
 -6002
 -5837
 3676
 5304
 -7028
 2532
 1314
 -3328
 3715
 -23
 -6506
 3912
 274
 2560
 -5860
 -5044
 -4768
 -1114
 6657
 -3089
 -3359
 4647
 -2933
 7925
 -1667
 -6577
 -2916
 -5339
 -2232
 -6554
 5417
 2534
 -626
 2270
 5243
 -2942
 -5643
 4142
 7851
 7130
 -7412
 -1976
 -7229
 -371
 -3035
 -3919
 3344
 -391
 -4437
 7265
 -608
 -7184
 1151
 478
 -2043
 3167
 2686
 129
 6300
 5275
 -2303
 5214
 7528
 -6303
 6540
 3506
 1959
 -7405
 -7459
 -3038
 -4656
 -4389
 -6266
 3261
 5566
 6412
 3287
 -427
 -5959
 -5994
 -6806
 -2770
 2774
 5805
 5766
 -461
 1841
 4197
 -2604
 -4427
 -3889
 1804
 -2773
 -6079
 -1158
 -6749
 -1248
 4773
 6451
 1525
 -6182
 -2928
 -3969
 5068
 3280
 808
 3198
 4716
 3017
 7048
 5968
 -774
 5924
 -2518
 -6964
 1696
 7496
 318
 -6487
 -1578
 6615
 -772
 -5768
 -1774
 3483
 2918
 -1235
 -7841
 -7069
 387
 1779
 3673
 4151
 -7864
 4568
 423
 1791
 -7544
 6535
 -2123
 -4766
 2775
 251
 -3837
 -7192
 -364
 -2045
 -946
 5737
 -6044
 1533
 5594
 6490
 -1746
 4542
 -6637
 -7952
 -5341
 4778
 -5485
 -7488
 -5167
 7643
 -1735
 3225
 4424
 -2483
 -3317
 1536
 6056
 3605
 -6058
 4990
 -798
 -5476
 -252
 6347
 -3920
 -7889
 4985
 2484
 5634
 -674
 833
 6885
 -7456
 7298
 7592
 -1771
 2214
 -3432
 -348
 1646
 -2759
 -2209
 -239
 7030
 -6860
 2108
 -7630
 -7874
 -7250
 1412
 -907
 848
 -5814
 2765
 -5926
 86
 -6413
 1208
 5119
 693
 -7880
 -1412
 6163
 82
 -2974
 -3142
 -5351
 -7689
 659
 1128
 -666
 4802
 -3793
 1236
 5219
 7672
 4746
 3205
 -2802
 5542
 2806
 425
 698
 -5438
 2574
 1228
 694
 324
 -6871
 -4920
 1653
 1275
 -2711
 -1026
 -383
 -2481
 5647
 4361
 -160
 -1056
 -6451
 -7081
 1140
 -4940
 7783
 140
 6532
 7613
 -4181
 -2651
 -2261
 -5712
 -70
 -105
 -214
 7692
 -6703
 -1554
 7543
 -3856
 -2924
 2838
 -978
 -5953
 -5272
 529
 842
 7548
 792
 -1382
 7596
 -3565
 2567
 517
 -3757
 -802
 4865
 -7497
 -6560
 4673
 4126
 -5535
 7573
 -4268
 3422
 4554
 7184
 -6230
 -2610
 1927
 7746
 1526
 7575
 -6468
 1052
 -5567
 -6272
 6409
 -4858
 -2906
 779
 6299
 -1695
 4643
 393
 254
 4377
 1679
 -7133
 154
 437
 -7223
 -458
 7962
 -7515
 -3854
 3314
 6630
 -6595
 1107
 1362
 -3987
 -4254
 -4172
 -2691
 -2547
 -1165
 3786
 5452
 -1446
 2290
 6975
 -1116
 7664
 -6237
 -1613
 -3240
 81
 -45
 -7255
 -3554
 -1801
 6104
 7880
 -558
 5550
 -4505
 2479
 5170
 4735
 4525
 2080
 -3418
 -3410
 2500
 2664
 -5247
 -3842
 431
 7819
 7168
 7071
 -113
 -5538
 -2788
 -2173
 -4247
 -7641
 1042
 -7989
 2957
 4230
 1329
 -2392
 -3731
 1298
 5010
 1733
 7834
 5225
 -134
 -3095
 -3246
 -6979
 -4212
 5570
 790
 186
 -1871
 -2835
 -2626
 5507
 -2226
 5520
 -3399
 -2192
 6797
 1593
 -6360
 3286
 3096
 -2625
 -5496
 2839
 1716
 -543
 5559
 7685
 -1204
 5771
 7420
 6996
 -7000
 -6293
 -5473
 -7959
 -6725
 1807
 411
 5336
 6510
 -3187
 -3172
 -7382
 171
 -3385
 -7738
 -1608
 -5502
 6567
 -6286
 -4781
 -183
 -5642
 1799
 -1776
 -6075
 1431
 1226
 1585
 1179
 -2001
 5665
 -7590
 -3041
 2
 -2139
 -1035
 -4895
 -553
 7136
 5297
 -5029
 -6157
 1260
 1296
 -1032
 7266
 2490
 -3059
 5764
 -2600
 -6477
 -1802
 1459
 2740
 -7560
 7154
 -2384
 7037
 5344
 1261
 -1641
 4114
 -2105
 -2212
 -3301
 -4193
 1025
 160
 6624
 -5258
 116
 6603
 -6310
 6886
 -4362
 5369
 6838
 6161
 -2259
 -3591
 -6054
 3592
 7857
 -308
 -7844
 -5549
 7556
 -5498
 2722
 -7691
 -4358
 -4797
 828
 6887
 6423
 5700
 6279
 2790
 299
 -4860
 6608
 -3546
 138
 -5346
 -6764
 -5383
 -928
 3702
 -2090
 2834
 7297
 -1
 4024
 -1205
 4895
 7630
 -874
 2496
 -5844
 -3433
 2943
 6121
 -2606
 4388
 -3888
 6811
 117
 -6168
 -6650
 3667
 4239
 6555
 1852
 -1947
 -4414
 -5226
 198
 2519
 -1844
 -2478
 -7672
 3471
 -5913
 -2889
 -7324
 -339
 -3964
 -1390
 -2647
 2042
 -2627
 3910
 -2870
 6935
 -2582
 -2379
 1386
 -2738
 -901
 2792
 4477
 -2104
 321
 4599
 4922
 255
 -7305
 -2165
 3497
 15
 -7167
 2030
 843
 -4892
 -849
 -1447
 -6190
 -5464
 2591
 6045
 -389
 -7478
 -369
 2933
 -3047
 2661
 -2507
 -7629
 -7966
 -5839
 -6652
 3178
 -1571
 1074
 -7939
 5638
 -549
 5230
 -6850
 1950
 4750
 2736
 -1261
 -5003
 -4806
 6951
 -5878
 2152
 -3261
 2223
 -7941
 -7328
 4804
 2488
 -1896
 -3864
 -5809
 1127
 7068
 -7291
 -6988
 3440
 5994
 -2319
 -7454
 -6118
 -920
 -3075
 1289
 -5018
 7025
 -3257
 4523
 -2415
 -5644
 2502
 -7648
 6730
 -6037
 5858
 7293
 3079
 -512
 3529
 2102
 -3593
 -4577
 -10
 2218
 3442
 7789
 -2053
 -7185
 -53
 6126
 -7557
 7904
 -1425
 2433
 -7901
 -3070
 -179
 3852
 5322
 -7435
 5683
 5120
 -3443
 580
 965
 2930
 -3132
 -781
 1029
 5262
 994
 5074
 7164
 -5724
 -6657
 6534
 2137
 -4449
 -2657
 6168
 -2176
 -7212
 4021
 -2861
 2889
 3403
 -7886
 -6137
 5182
 -1696
 -7907
 -4563
 -3045
 -7522
 6107
 1241
 -854
 5086
 -4514
 6283
 -4409
 3787
 3048
 -1589
 7843
 1794
 5461
 7041
 -7397
 -4838
 3533
 -7248
 2064
 3268
 5827
 -4861
 2712
 -2152
 3218
 -6048
 -5015
 -5432
 -4566
 3142
 -2290
 -1462
 -3695
 -910
 4227
 200
 -5184
 2929
 -3183
 7858
 5388
 3119
 107
 6431
 7989
 -6502
 -373
 6707
 4086
 5736
 -4017
 3370
 7391
 -3323
 -3488
 921
 -1533
 -6212
 -5885
 -2100
 -2101
 4433
 -6091
 -1880
 2169
 7674
 1396
 4065
 1564
 -7543
 7333
 4102
 4669
 415
 2297
 -6356
 1887
 3949
 -6717
 -2364
 -6258
 -4605
 -2980
 -4369
 -4759
 5073
 -138
 -6207
 -5806
 1455
 -24
 983
 -1569
 4983
 6913
 3075
 7134
 3141
 -4978
 -969
 -4249
 5047
 7552
 4466
 -6997
 -4260
 3668
 -990
 7795
 -6879
 5342
 6914
 -547
 -2373
 -2491
 -7381
 -5153
 -6009
 -4084
 -5482
 3622
 -2614
 -5698
 5931
 3022
 -7103
 -3382
 -7709
 -4356
 1133
 7649
 241
 3593
 2147
 7847
 -5981
 6442
 3010
 -4155
 3259
 -315
 3127
 4157
 5208
 4541
 -5444
 -3585
 -1333
 3121
 -3353
 -88
 -5887
 -3439
 -5294
 -4937
 -2093
 1382
 1175
 5501
 -5225
 -6574
 53
 4509
 6784
 6071
 6326
 -7235
 3826
 -7573
 -1233
 -3448
 -6958
 5467
 3538
 7217
 7797
 -4561
 4748
 2345
 -7826
 -500
 -3046
 -7611
 3998
 4682
 -5404
 6831
 1164
 2713
 6138
 3903
 1890
 2338
 6833
 5841
 -3386
 -5427
 4273
 446
 3752
 1171
 7000
 -2631
 7600
 1605
 6618
 -2355
 -916
 -4169
 1460
 4681
 6343
 5123
 -7346
 -1385
 7972
 -4857
 954
 -3475
 3352
 763
 6645
 4738
 -5069
 4977
 6648
 1990
 3424
 -6756
 5024
 3078
 7055
 -4509
 -4951
 6639
 4172
 3825
 -5702
 -7203
 -4998
 -870
 -7117
 1567
 5130
 2704
 -2013
 2690
 7276
 887
 -3639
 6008
 -7688
 4217
 -3961
 -1988
 7352
 3492
 3463
 6840
 -2067
 -6523
 4258
 6553
 3097
 -2731
 3693
 5495
 3681
 6264
 4781
 4813
 -6055
 -5230
 -897
 5449
 5528
 5029
 -717
 4610
 -1455
 -4746
 -2617
 -1930
 3402
 -1869
 4741
 -3921
 3844
 -1457
 915
 7470
 -1300
 -5234
 7014
 -3692
 3842
 1446
 -5719
 2812
 -2888
 -1610
 -4039
 89
 7450
 3732
 1946
 7129
 -1496
 5623
 4349
 -956
 -6928
 3005
 7966
 -6122
 4093
 1373
 -3931
 7137
 -6858
 -5998
 -1997
 -4741
 4881
 -7572
 3869
 -4332
 3023
 -6901
 2470
 -7283
 6602
 -6981
 -1512
 -5461
 7382
 3184
 -1242
 -4478
 -4868
 7776
 1290
 5083
 6383
 -4048
 6794
 -1619
 1131
 1663
 -7893
 1637
 -7177
 4095
 1484
 2828
 4678
 6385
 6792
 222
 5761
 3661
 -7724
 4276
 2871
 3138
 2912
 3566
 1597
 -5291
 7516
 361
 -3687
 2668
 -3553
 6842
 -4899
 5254
 -3732
 -6623
 1028
 -443
 -255
 1920
 -6813
 4222
 1397
 1300
 -4124
 -142
 -2860
 -4562
 -5651
 -2662
 -1950
 -5872
 -4966
 1522
 7160
 2015
 3399
 -2795
 5445
 -6036
 2801
 1315
 5583
 -6644
 -289
 3036
 3400
 7187
 4520
 3820
 -6604
 -3388
 -7859
 -5113
 3599
 7985
 4873
 7764
 -5343
 -3411
 7952
 -5645
 7264
 2783
 1871
 1975
 -2837
 -7961
 1813
 -1016
 4726
 -3265
 -6861
 -3074
 -4178
 -2155
 -4452
 5822
 -1958
 6912
 -3241
 -6862
 -1263
 -4196
 2291
 -5443
 192
 4359
 6253
 4671
 -5909
 3943
 -582
 -3191
 1388
 -647
 -6423
 2342
 -5030
