 -1444
 2048
 2605
 2875
 7752
 -236
 5844
 2968
 655
 -6371
 5681
 5433
 7521
 -4470
 -6550
 1718
 4846
 -6512
 3294
 -1809
 4845
 -4481
 7558
 -6533
 -5357
 -7098
 3085
 -5653
 -7827
 -7181
 -2735
 7480
 -5955
 -4430
 -5323
 -89
 7696
 6985
 5666
 2820
 -4293
 -888
 -6426
 -7113
 -4681
 7980
 -5729
 4420
 -7040
 3320
 -82
 -2877
 -7227
 4851
 4347
 -3421
 3293
 6046
 1278
 4358
 -157
 1251
 2782
 3476
 -4661
 -1309
 127
 6854
 4627
 -3263
 -4751
 -1324
 -6912
 4106
 -1437
 -6519
 -7794
 -3199
 -6392
 -3225
 199
 32
 -5665
 7897
 1499
 3122
 -6471
 1310
 1962
 -2695
 -6353
 4757
 -1329
 -135
 4666
 -5368
 -4103
 -5600
 -3160
 3954
 -6816
 -1051
 1955
 -4606
 4266
 6806
 -7336
 4366
 2380
 6859
 4233
 -1486
 -3223
 6329
 5082
 -4102
 13
 -7341
 -7352
 -354
 -1378
 7008
 4595
 4400
 3116
 4251
 -4735
 7456
 -2372
 -1964
 -6277
 2171
 -3320
 -6941
 -5884
 5498
 3221
 -7048
 -7332
 -3415
 4473
 314
 5167
 2249
 873
 -1421
 7285
 -1937
 4136
 -4832
 -2402
 1761
 -306
 1475
 -754
 -7928
 -6501
 780
 2237
 3484
 -5914
 -5867
 -447
 430
 2978
 -1376
 -2130
 -7788
 -5522
 -1751
 -6152
 3589
 1863
 -7636
 -2828
 7380
 -853
 1898
 -144
 -2785
 -3737
 -1445
 -5331
 -7071
 -4148
 -4360
 -4851
 -7372
 2392
 542
 5499
 -4096
 2637
 1527
 -7396
 3578
 -3972
 -628
 697
 -4550
 -4553
 250
 -146
 1230
 6700
 -1272
 3657
 -6073
 5699
 2099
 2437
 -2506
 -2245
 7546
 -1100
 -2333
 2038
 1903
 4697
 -1595
 5798
 -6899
 3767
 3560
 6019
 -2282
 -7115
 5293
 7475
 -7720
 -5580
 3169
 -7330
 4308
 2192
 -4070
 -3612
 6643
 191
 -2177
 2277
 -4011
 2167
 3027
 -912
 2267
 1181
 -5083
 -7954
 6452
 -5563
 5738
 2014
 -3650
 333
 -7093
 1694
 -625
 -2429
 -3429
 3818
 6109
 3213
 6884
 46
 1119
 -1867
 -7914
 -5735
 5481
 730
 -4438
 5653
 -6497
 7403
 2694
 -6495
 -715
 -5931
 -107
 1427
 3359
 7236
 -3486
 5723
 7174
 -3327
 -6494
 -6575
 7594
 28
 -929
 -2089
 -3015
 -195
 -4091
 7411
 136
 3803
 550
 3105
 1825
 2926
 -7085
 -392
 -3105
 5838
 7199
 7483
 -6260
 -2511
 -7015
 -4442
 -1293
 -422
 184
 -7932
 -1914
 -1841
 177
 784
 5138
 -2566
 6696
 -6065
 -3606
 -4473
 -7594
 4514
 2653
 7203
 -1389
 2228
 3579
 -4064
 -1057
 -3503
 5308
 5039
 5708
 4734
 -878
 -313
 2200
 -563
 5004
 6270
 5183
 -3672
 564
 -2271
 -4526
 80
 5587
 2770
 4052
 857
 2507
 3388
 -4060
 6917
 2314
 -376
 2347
 -1784
 2473
 -1901
 -15
 -7764
 3573
 -2881
 -452
 -7499
 512
 -145
 7247
 -1990
 -2561
 -3922
 4831
 1642
 -2336
 -6848
 875
 -3069
 5159
 1334
 7490
 -7921
 -1395
 -4282
 7398
 -5622
 4641
 -2024
 -5302
 -5657
 -4118
 -7097
 3188
 5493
 7634
 -3307
 1089
 677
 119
 3992
 -3517
 4611
 7673
 -1794
 7886
 3455
 -3710
 -1432
 -3376
 4351
 5241
 -1885
 4917
 734
 -821
 588
 6416
 3996
 -7347
 -550
 -4506
 6969
 -843
 2587
 4029
 1832
 -4517
 6773
 7310
 -7134
 -3857
 5860
 1319
 3147
 4911
 6290
 -1838
 -4435
 -1556
 -5363
 -5240
 4758
 -3430
 6450
 7334
 345
 -1878
 -2854
 -952
 -2457
 -3997
 -5203
 173
 7623
 -6573
 6788
 -1567
 -6927
 357
 -2256
 5240
 2923
 -3910
 -5889
 -2222
 -1474
 -1792
 -6662
 6906
 4340
 -2350
 3265
 3636
 -1858
 2289
 -5303
 3765
 -4006
 -3329
 6295
 -5788
 1535
 -4884
 -440
 6330
 2989
 1598
 5940
 1239
 4517
 6893
 -3575
 -4931
 -5675
 -2374
 -1237
 -2275
 7392
 3546
 -6445
 1392
 4405
 6793
 4404
 -6226
 3946
 5337
 781
 -6643
 -3566
 -3728
 1102
 5161
 3376
 5364
 -6874
 -5250
 2655
 5033
 -6714
 2415
 -4842
 1876
 -1925
 -7746
 331
 7589
 -2954
 -7756
 4709
 -3521
 -5089
 -2708
 -2748
 1868
 -2069
 -2009
 1295
 -4075
 -1913
 6825
 -4188
 6218
 -7383
 3868
 -4530
 6406
 -6568
 3160
 5744
 -6692
 -3902
 -3873
 -7222
 -6378
 -1303
 -6480
 -3209
 5833
 -5491
 6266
 3050
 -3296
 7721
 4890
 2041
 -7622
 236
 3212
 2847
 1274
 -4394
 -5411
 4689
 -1934
 -3177
 -2730
 -6402
 1059
 4407
 5698
 -7438
 7705
 -3091
 -6707
 676
 5509
 5359
 3125
 4807
 106
 2522
 -6570
 6273
 639
 -734
 -272
 2959
 -6337
 1933
 -7646
 -464
 -3636
 7975
 2454
 -1931
 -643
 2057
 2688
 -4733
 4390
 6089
 6417
 -6395
 -1760
 -7759
 -3797
 2280
 -6324
 626
 -6437
 7191
 -6061
 7118
 -1276
 -2512
 -1718
 -5666
 -3053
 -1917
 275
 -3084
 -7656
 -4780
 6195
 -7536
 1786
 -7029
 -1067
 -4079
 2612
 -2775
 -262
 2569
 7733
 -194
 -4982
 5292
 -5527
 -4053
 -5782
 5117
 7219
 -6812
 -2270
 2400
 -1188
 7122
 7767
 -288
 -3049
 4108
 -4513
 4613
 -2665
 -3071
 760
 3103
 7148
 992
 4841
 821
 1190
 -5972
 -1548
 -202
 3279
 329
 -1065
 -489
 -7170
 2975
 -2340
 -2133
 3173
 -4246
 -6660
 893
 5508
 -7415
 -5146
 -2468
 2232
 7675
 -3628
 -5179
 -2496
 -1814
 -4556
 -559
 5358
 -3648
 5555
 -5577
 3239
 1048
 -4654
 -294
 1785
 -3547
 7763
 -1764
 -2035
 -5606
 7870
 -2479
 -652
 -3823
 5124
 -382
 636
 7032
 1238
 7515
 6683
 7564
 6708
 -1522
 4054
 964
 -5637
 -3020
 7178
 -2702
 2575
 6389
 -5237
 6665
 -3413
 112
 5412
 -4304
 -1091
 -7838
 -137
 2734
 5784
 4041
 -5266
 4916
 -451
 7563
 -3198
 4891
 -6911
 7107
 2390
 -605
 -5163
 180
 -6724
 1473
 537
 -1253
 3347
 -6032
 2322
 -3528
 2301
 1532
 -7669
 4
 7994
 -2389
 -3632
 -2706
 -1939
 -2879
 6684
 -2088
 -4672
 1912
 -6514
 5127
 5347
 3386
 -5602
 -2742
 -5944
 1735
 5605
 -3335
 -968
 -6826
 -2851
 4426
 -7671
 -17
 -1375
 6236
 -6639
 723
 2724
 4243
 7275
 -4711
 4497
 -6719
 1429
 -3114
 -2656
 115
 4285
 -5112
 -6120
 590
 -22
 -633
 7720
 651
 5829
 3209
 -6761
 -2957
 74
 -6280
 -5070
 4698
 4602
 5686
 -6465
 277
 6136
 3916
 -1172
 5017
 -1669
 4047
 6988
 -2430
 -2332
 2530
 -7131
 3871
 1991
 -5475
 2580
 -412
 1020
 -1096
 5908
 1276
 850
 1972
 6967
 -1133
 1005
 -6022
 -6220
 5487
 7628
 5674
 -4642
 -5345
 1374
 -150
 4075
 -3250
 503
 -2143
 -2156
 1498
 3654
 -6185
 -7790
 1723
 5109
 2535
 5755
 -3948
 1937
 -5424
 -6891
 -5721
 2527
 -6263
 272
 1032
 5040
 1200
 -3895
 7977
 -6404
 7170
 -6588
 -85
 3634
 3521
 7099
 -3275
 6239
 -473
 3522
 -7539
 787
 -2629
 1256
 5260
 6571
 990
 -3557
 1974
 6878
 -1652
 6446
 6731
 -5733
 -7534
 54
 -2666
 4496
 2062
 -1553
 7595
 7106
 -6548
 -7813
 -7884
 5115
 -2538
 -5826
 598
 -7013
 -2700
 1061
 -7751
 -5009
 7328
 7615
 -2361
 7736
 -6959
 -1857
 -6729
 2487
 -2242
 3158
 4329
 2518
 -2444
 1692
 -3769
 -180
 -7106
 -6955
 -5218
 -7526
 -7508
 -5452
 -7011
 -4265
 -7916
 -2581
 3056
 -5590
 3389
 -4283
 5646
 -2509
 5212
 -1401
 4930
 4718
 -2987
 1630
 1750
 4856
 2947
 5675
 4105
 6254
 -2417
 1409
 -1451
 4460
 -7365
 5133
 4934
 -4639
 365
 -4548
 3195
 -1027
