 -1444
 2048
 2605
 2875
 7752
 -236
 5844
 2968
 655
 -6371
 5681
 5433
 7521
 -4470
 -6550
 1718
 4846
 -6512
 3294
 -1809
 4845
 -4481
 7558
 -6533
 -5357
 -7098
 3085
 -5653
 -7827
 -7181
 -2735
 7480
 -5955
 -4430
 -5323
 -89
 7696
 6985
 5666
 2820
 -4293
 -888
 -6426
 -7113
 -4681
 7980
 -5729
 4420
 -7040
 3320
 -82
 -2877
 -7227
 4851
 4347
 -3421
 3293
 6046
 1278
 4358
 -157
 1251
 2782
 3476
 -4661
 -1309
 127
 6854
 4627
 -3263
 -4751
 -1324
 -6912
 4106
 -1437
 -6519
 -7794
 -3199
 -6392
 -3225
 199
 32
 -5665
 7897
 1499
 3122
 -6471
 1310
 1962
 -2695
 -6353
 4757
 -1329
 -135
 4666
 -5368
 -4103
 -5600
 -3160
 3954
 -6816
 -1051
 1955
 -4606
 4266
 6806
 -7336
 4366
 2380
 6859
 4233
 -1486
 -3223
 6329
 5082
 -4102
 13
 -7341
 -7352
 -354
 -1378
 7008
 4595
 4400
 3116
 4251
 -4735
 7456
 -2372
 -1964
 -6277
 2171
 -3320
 -6941
 -5884
 5498
 3221
 -7048
 -7332
 -3415
 4473
 314
 5167
 2249
 873
 -1421
 7285
 -1937
 4136
 -4832
 -2402
 1761
 -306
 1475
 -754
 -7928
 -6501
 780
 2237
 3484
 -5914
 -5867
 -447
 430
 2978
 -1376
 -2130
 -7788
 -5522
 -1751
 -6152
 3589
 1863
 -7636
 -2828
 7380
 -853
 1898
 -144
 -2785
 -3737
 -1445
 -5331
 -7071
 -4148
 -4360
 -4851
 -7372
 2392
 542
 5499
 -4096
 2637
 1527
 -7396
 3578
 -3972
 -628
 697
 -4550
 -4553
 250
 -146
 1230
 6700
 -1272
 3657
 -6073
 5699
 2099
 2437
 -2506
 -2245
 7546
 -1100
 -2333
 2038
 1903
 4697
 -1595
 5798
 -6899
 3767
 3560
 6019
 -2282
 -7115
 5293
 7475
 -7720
 -5580
 3169
 -7330
 4308
 2192
 -4070
 -3612
 6643
 191
 -2177
 2277
 -4011
 2167
 3027
 -912
 2267
 1181
 -5083
 -7954
 6452
 -5563
 5738
 2014
 -3650
 333
 -7093
 1694
 -625
 -2429
 -3429
 3818
 6109
 3213
 6884
 46
 1119
 -1867
 -7914
 -5735
 5481
 730
 -4438
 5653
 -6497
 7403
 2694
 -6495
 -715
 -5931
 -107
 1427
 3359
 7236
 -3486
 5723
 7174
 -3327
 -6494
 -6575
 7594
 28
 -929
 -2089
 -3015
 -195
 -4091
 7411
 136
 3803
 550
 3105
 1825
 2926
 -7085
 -392
 -3105
 5838
 7199
 7483
 -6260
 -2511
 -7015
 -4442
 -1293
 -422
 184
 -7932
 -1914
 -1841
 177
 784
 5138
 -2566
 6696
 -6065
 -3606
 -4473
 -7594
 4514
 2653
 7203
 -1389
 2228
 3579
 -4064
 -1057
 -3503
 5308
 5039
 5708
 4734
 -878
 -313
 2200
 -563
 5004
 6270
 5183
 -3672
 564
 -2271
 -4526
 80
 5587
 2770
 4052
 857
 2507
 3388
 -4060
 6917
 2314
 -376
 2347
 -1784
 2473
 -1901
 -15
 -7764
 3573
 -2881
 -452
 -7499
 512
 -145
 7247
 -1990
 -2561
 -3922
 4831
 1642
 -2336
 -6848
 875
 -3069
 5159
 1334
 7490
 -7921
 -1395
 -4282
 7398
 -5622
 4641
 -2024
 -5302
 -5657
 -4118
 -7097
 3188
 5493
 7634
 -3307
 1089
 677
 119
 3992
 -3517
 4611
 7673
 -1794
 7886
 3455
 -3710
 -1432
 -3376
 4351
 5241
 -1885
 4917
 734
 -821
 588
 6416
 3996
 -7347
 -550
 -4506
 6969
 -843
 2587
 4029
 1832
 -4517
 6773
 7310
 -7134
 -3857
 5860
 1319
 3147
 4911
 6290
 -1838
 -4435
 -1556
 -5363
 -5240
 4758
 -3430
 6450
 7334
 345
 -1878
 -2854
 -952
 -2457
 -3997
 -5203
 173
 7623
 -6573
 6788
 -1567
 -6927
 357
 -2256
 5240
 2923
 -3910
 -5889
 -2222
 -1474
 -1792
 -6662
 6906
 4340
 -2350
 3265
 3636
 -1858
 2289
 -5303
 3765
 -4006
 -3329
 6295
 -5788
 1535
 -4884
 -440
 6330
 2989
 1598
 5940
 1239
 4517
 6893
 -3575
 -4931
 -5675
 -2374
 -1237
 -2275
 7392
 3546
 -6445
 1392
 4405
 6793
 4404
 -6226
 3946
 5337
 781
 -6643
 -3566
 -3728
 1102
 5161
 3376
 5364
 -6874
 -5250
 2655
 5033
 -6714
 2415
 -4842
 1876
 -1925
 -7746
 331
 7589
 -2954
 -7756
 4709
 -3521
 -5089
 -2708
 -2748
 1868
 -2069
 -2009
 1295
 -4075
 -1913
 6825
 -4188
 6218
 -7383
 3868
 -4530
 6406
 -6568
 3160
 5744
 -6692
 -3902
 -3873
 -7222
 -6378
 -1303
 -6480
 -3209
 5833
 -5491
 6266
 3050
 -3296
 7721
 4890
 2041
 -7622
 236
 3212
 2847
 1274
 -4394
 -5411
 4689
 -1934
 -3177
 -2730
 -6402
 1059
 4407
 5698
 -7438
 7705
 -3091
 -6707
 676
 5509
 5359
 3125
 4807
 106
 2522
 -6570
 6273
 639
 -734
 -272
 2959
 -6337
 1933
 -7646
 -464
 -3636
 7975
 2454
 -1931
 -643
 2057
 2688
 -4733
 4390
 6089
 6417
 -6395
 -1760
 -7759
 -3797
 2280
 -6324
 626
 -6437
 7191
 -6061
 7118
 -1276
 -2512
 -1718
 -5666
 -3053
 -1917
 275
 -3084
 -7656
 -4780
 6195
 -7536
 1786
 -7029
 -1067
 -4079
 2612
 -2775
 -262
 2569
 7733
 -194
 -4982
 5292
 -5527
 -4053
 -5782
 5117
 7219
 -6812
 -2270
 2400
 -1188
 7122
 7767
 -288
 -3049
 4108
 -4513
 4613
 -2665
 -3071
 760
 3103
 7148
 992
 4841
 821
 1190
 -5972
 -1548
 -202
 3279
 329
 -1065
 -489
 -7170
 2975
 -2340
 -2133
 3173
 -4246
 -6660
 893
 5508
 -7415
 -5146
 -2468
 2232
 7675
 -3628
 -5179
 -2496
 -1814
 -4556
 -559
 5358
 -3648
 5555
 -5577
 3239
 1048
 -4654
 -294
 1785
 -3547
 7763
 -1764
 -2035
 -5606
 7870
 -2479
 -652
 -3823
 5124
 -382
 636
 7032
 1238
 7515
 6683
 7564
 6708
 -1522
 4054
 964
 -5637
 -3020
 7178
 -2702
 2575
 6389
 -5237
 6665
 -3413
 112
 5412
 -4304
 -1091
 -7838
 -137
 2734
 5784
 4041
 -5266
 4916
 -451
 7563
 -3198
 4891
 -6911
 7107
 2390
 -605
 -5163
 180
 -6724
 1473
 537
 -1253
 3347
 -6032
 2322
 -3528
 2301
 1532
 -7669
 4
 7994
 -2389
 -3632
 -2706
 -1939
 -2879
 6684
 -2088
 -4672
 1912
 -6514
 5127
 5347
 3386
 -5602
 -2742
 -5944
 1735
 5605
 -3335
 -968
 -6826
 -2851
 4426
 -7671
 -17
 -1375
 6236
 -6639
 723
 2724
 4243
 7275
 -4711
 4497
 -6719
 1429
 -3114
 -2656
 115
 4285
 -5112
 -6120
 590
 -22
 -633
 7720
 651
 5829
 3209
 -6761
 -2957
 74
 -6280
 -5070
 4698
 4602
 5686
 -6465
 277
 6136
 3916
 -1172
 5017
 -1669
 4047
 6988
 -2430
 -2332
 2530
 -7131
 3871
 1991
 -5475
 2580
 -412
 1020
 -1096
 5908
 1276
 850
 1972
 6967
 -1133
 1005
 -6022
 -6220
 5487
 7628
 5674
 -4642
 -5345
 1374
 -150
 4075
 -3250
 503
 -2143
 -2156
 1498
 3654
 -6185
 -7790
 1723
 5109
 2535
 5755
 -3948
 1937
 -5424
 -6891
 -5721
 2527
 -6263
 272
 1032
 5040
 1200
 -3895
 7977
 -6404
 7170
 -6588
 -85
 3634
 3521
 7099
 -3275
 6239
 -473
 3522
 -7539
 787
 -2629
 1256
 5260
 6571
 990
 -3557
 1974
 6878
 -1652
 6446
 6731
 -5733
 -7534
 54
 -2666
 4496
 2062
 -1553
 7595
 7106
 -6548
 -7813
 -7884
 5115
 -2538
 -5826
 598
 -7013
 -2700
 1061
 -7751
 -5009
 7328
 7615
 -2361
 7736
 -6959
 -1857
 -6729
 2487
 -2242
 3158
 4329
 2518
 -2444
 1692
 -3769
 -180
 -7106
 -6955
 -5218
 -7526
 -7508
 -5452
 -7011
 -4265
 -7916
 -2581
 3056
 -5590
 3389
 -4283
 5646
 -2509
 5212
 -1401
 4930
 4718
 -2987
 1630
 1750
 4856
 2947
 5675
 4105
 6254
 -2417
 1409
 -1451
 4460
 -7365
 5133
 4934
 -4639
 365
 -4548
 3195
 -1027
 3510
 -2983
 -7721
 -4833
 -1415
 -3456
 -4590
 -4234
 2594
 2091
 4588
 3452
 1645
 -5241
 -4125
 -6405
 5800
 -323
 -7476
 -3481
 -5170
 -4309
 -2385
 2378
 3617
 762
 -3777
 4776
 375
 -2434
 3495
 -3124
 3761
 -3098
 -2151
 -1795
 -11
 2160
 5044
 6771
 2006
 -4615
 1542
 -227
 1626
 2100
 -6400
 5915
 -2952
 -5139
 5107
 -3228
 1796
 -7243
 -7384
 -6739
 -3928
 -4928
 -1005
 -4712
 5792
 -5586
 2753
 -840
 114
 -4856
 7921
 -266
 7353
 -6270
 -6113
 6981
 -4835
 4200
 6810
 5607
 -7145
 128
 -7321
 -6314
 2119
 -5524
 -7850
 -5528
 -5157
 3554
 -6872
 -3489
 4059
 1157
 7349
 -1391
 -204
 -1234
 6569
 -5996
 -7425
 -3346
 -4025
 3101
 -5720
 -1955
 -2363
 -6521
 -2807
 -1563
 -4087
 4897
 -6967
 -5667
 6949
 4728
 4537
 5367
 -3423
 -7899
 -1461
 6469
 3530
 6900
 -274
 305
 3182
 -1099
 -4722
 2191
 6958
 -6339
 -1836
 -5633
 -948
 4071
 -2381
 -568
 2562
 3987
 -4144
 -6367
 -986
 1985
 -7909
 -3397
 -5705
 -5450
 -4014
 -3473
 6422
 -3946
 -7072
 -2180
 -5311
 -624
 3093
 3977
 -6170
 -1501
 7555
 4745
 -5220
 -4109
 -6905
 -3148
 -494
 3175
 2458
 -7392
 -1644
 -6996
 213
 -2201
 5070
 6604
 -4419
 -182
 -198
 -4903
 5767
 767
 31
 6668
 4550
 -5295
 -1424
 -5971
 -1851
 6392
 2107
 -4388
 4094
 -4439
 -6868
 2521
 4545
 -1284
 -706
 3999
 2684
 1442
 -1830
 6336
 5644
 -4845
 6670
 6062
 5013
 6271
 -6138
 -7736
 4290
 7557
 -4945
 -1897
 547
 7013
 916
 404
 5808
 -221
 3817
 -7529
 -5355
 -3724
 5386
 5619
 -7835
 1649
 -3377
 -7853
 -2414
 813
 -5340
 -6081
 -6375
 5368
 4437
 1161
 -973
 -506
 7277
 -1349
 -199
 -1882
 276
 3190
 -4729
 -4004
 -2829
 -4873
 -7511
 1881
 -5249
 -7608
 2090
 4202
 -2823
 -7004
 -3644
 -1431
 -6675
 -1573
 -5128
 1766
 -7785
 4414
 -5536
 -3282
 -7449
 -1886
 2300
 -4511
 6576
 1534
 -4777
 3699
 -4515
 6119
 -780
 7580
 7666
 93
 4492
 -1332
 -3656
 5118
 -3451
 -7362
 -7195
 5917
 -2367
 2869
 783
 -3220
 701
 2476
 -7197
 1338
 6405
 -1929
 3621
 -6518
 1775
 6247
 -3905
 -401
 5856
 845
 613
 6123
 6214
 -7525
 6523
 -1434
 3556
 476
 3298
 -7245
 -6249
 -7657
 -7032
 6486
 -565
 -2493
 -5172
 599
 -6434
 1010
 -6440
 2973
 5901
 -2433
 -6680
 -7479
 -1594
 -2679
 1746
 6591
 3256
 -1132
 -414
 7466
 -2041
 2086
 897
 519
 -1912
 -2905
 3447
 4963
 -3676
 -4753
 -6403
 -3316
 -6153
 5269
 3527
 -1825
 -2465
 -4412
 -6837
 3475
 -2709
 3793
 -6107
 -1030
 -1123
 -5503
 -1159
 -6734
 4820
 3772
 6473
 7772
 4409
 6623
 5486
 2356
 -4564
 -7845
 6084
 -4760
 -4692
 6563
 1147
 -4139
 -7693
 -2218
 -1585
 -1680
 -4105
 -5554
 4298
 2445
 5843
 -4941
 2737
 6577
 5442
 5996
 -1336
 3080
 -4794
 -6321
 7157
 3194
 4632
 -7950
 4925
 7865
 3461
 5418
 -5541
 -6526
 5106
 5439
 -5726
 -7065
 2257
 -1910
 2372
 7303
 -4565
 458
 4908
 6413
 6905
 3051
 4322
 1060
 -6025
 3775
 2520
 -6217
 452
 -5282
 -1505
 4552
 7125
 2348
 -5199
 7110
 -5595
 -1592
 -5855
 7208
 4470
 -188
 7818
 5431
 5447
 5190
 -3395
 6054
 -1086
 -2845
 1108
 -3906
 3329
 338
 -4682
 -5879
 -1260
 -370
 -1547
 3469
 -1583
 -253
 -2458
 -225
 1940
 3555
 7064
 4798
 -2014
 234
 5361
 6509
 -5938
 6986
 -3037
 5245
 -5505
 3909
 -5310
 -941
 -7151
 -879
 -6658
 5655
 -3841
 -7436
 6366
 -3994
 -2042
 -6602
 6081
 -2075
 -7256
 2087
 1809
 544
 -7980
 7439
 -7266
 -282
 -1617
 6217
 -2619
 -1952
 -3924
 1094
 -1177
 6697
 4740
 -6649
 1517
 1215
 6973
 -7129
 -496
 -2452
 -1320
 1487
 -60
 -2667
 -6541
 -1763
 4434
 -3066
 1080
 -4393
 7179
 2928
 -249
 7386
 7362
 1416
 4608
 7640
 1038
 4156
 745
 1559
 3540
 1739
 5099
 7440
 1659
 -6479
 3467
 5864
 -1209
 4418
 -2370
 6064
 7316
 -2630
 1045
 3114
 5548
 5944
 -5973
 2056
 -428
 -2191
 -7514
 25
 -5458
 371
 73
 3860
 5031
 -704
 4168
 -6847
 -1984
 -4667
 -6626
 1999
 -7418
 -6690
 4585
 -1137
 -7172
 -7596
 -6169
 -5204
 -3803
 -6977
 1321
 -1691
 -6537
 7781
 -6962
 5538
 5235
 -4244
 2013
 5253
 -3863
 7744
 7743
 3769
 1189
 -622
 -3422
 2122
 1829
 -7307
 -1517
 5357
 -2227
 6921
 -1705
 -4936
 -2884
 7710
 -5594
 5769
 3947
 -5379
 -3838
 -7816
 -588
 -444
 -4319
 -1112
 5153
 -159
 1360
 -1170
 3670
 -4082
 7444
 982
 -7077
 7049
 -905
 -6963
 6316
 -132
 -4852
 -3923
 -1650
 -6349
 -5987
 -1438
 1350
 3587
 3487
 6599
 -4055
 -532
 -2744
 2964
 -2551
 802
 -340
 743
 3700
 3919
 -7925
 -3657
 -7996
 4822
 7934
 3795
 -7804
 -1759
 -5658
 527
 6301
 122
 1711
 -7315
 7407
 -310
 2258
 -5270
 -4909
 5252
 3847
 -7351
 4685
 -5746
 6066
 -2335
 -7075
 -1708
 523
 -3485
 -6702
 716
 4415
 -1730
 6116
 -3050
 -6372
 -2557
 2773
 -7221
 -6504
 391
 -7311
 3896
 -6177
 -4271
 -4993
 5145
 7899
 -475
 -1615
 -1500
 -2144
 1688
 -5599
 627
 7165
 -5708
 2526
 -7258
 -5974
 -2128
 -1366
 -3414
 -3357
 1665
 -5786
 1510
 -2082
 -2780
 6314
 176
 -859
 708
 -2816
 3913
 -2487
 -4190
 -7278
 7312
 -7828
 -3799
 -305
 -5750
 7344
 -1297
 -2992
 2588
 -4140
 -3249
 2898
 -492
 -5941
 1634
 -2347
 7373
 -7455
 3134
 1141
 7866
 -2436
 -6775
 -5198
 5184
 6097
 7305
 2501
 1743
 -7390
 7706
 328
 147
 2047
 -4433
 -4465
 -2898
 -2263
 -4115
 4042
 7609
 -1147
 -1673
 1824
 2819
 11
 -5304
 5210
 433
 265
 -1657
 1001
 -2756
 1662
 -880
 4250
 2994
 1403
 3200
 7894
 2405
 -3738
 1471
 -5210
 3272
 -301
 3453
 7641
 -7079
 -4207
 -2896
 -3934
 7325
 -6374
 -1781
 -3609
 7102
 903
 -7833
 1019
 3584
 -5706
 2558
 5234
 1328
 -5575
 -357
 7054
 -810
 7367
 -7558
 -7487
 2581
 -1709
 3655
 -3436
 -998
 -153
 -4659
 2695
 -3850
 -1525
 -4072
 -3008
 -1755
 -6343
 -1267
 -2111
 7381
 -3406
 2251
 -5063
 -7971
 4933
 52
 3398
 4965
 -7051
 -3365
 2849
 -1565
 2579
 -5401
 -600
 -2354
 1521
 -985
 -507
 -4080
 -7417
 1583
 5817
 1279
 5516
 -149
 3019
 -598
 -4863
 3284
 -5098
 -1405
 1495
 3040
 -210
 507
 -3711
 -7676
 6155
 7651
 -2938
 -56
 7837
 6040
 3421
 823
 -983
 -6745
 -5212
 1790
 4672
 -4804
 7169
 6100
 -4376
 -1534
 2710
 -7296
 -6940
 -7567
 1248
 2094
 38
 5869
 -6281
 -2360
 -6326
 6562
 -4673
 -6989
 -2224
 -4133
 2945
 -6469
 2052
 7458
 2589
 516
 -4173
 -2624
 -6218
 -676
 6916
 7319
 -689
 2318
 -3982
 -5812
 2431
 1242
 1345
 569
 -5965
 -1394
 -5088
 -5297
 -6340
 -4640
 6175
 -6561
 -1817
 5381
 1631
 455
 2340
 7694
 1379
 -1631
 -471
 6118
 -5808
 5220
 6009
 6622
 -2765
 -4176
 -95
 641
 597
 -5437
 -423
 -76
 7193
 -6319
 3431
 5296
 -6401
 -4840
 3708
 7660
 2577
 -4455
 -7159
 5424
 -6971
 376
 6052
 -3999
 -7792
 188
 950
 -4151
 1627
 6078
 5404
 7536
 4576
 -7969
 3915
 4161
 -7312
 -1684
