 35588
 29417
 53357
 21157
 81960
 19098
 65575
 58120
 18712
 49612
 57716
 56360
 49423
 87332
 50827
 53991
 10148
 45328
 46804
 72797
 80773
 39628
 71524
 15084
 665
 71307
 9898
 83360
 10878
 57136
 57236
 28828
 86649
 17038
 96626
 50251
 85188
 69171
 12026
 27925
 75978
 2408
 96604
 58595
 50216
 12809
 25520
 65958
 81412
 9449
 41124
 51357
 23890
 73041
 25302
 66535
 68150
 63599
 39969
 91666
 26204
 77498
 85353
 93136
 13572
 9976
 45668
 85492
 23506
 47053
 79206
 54292
 73531
 75075
 359
 92510
 89607
 26
 38495
 76295
 76763
 88373
 40483
 31960
 1091
 2170
 54417
 50516
 14388
 36710
 48344
 70931
 44914
 12337
 48935
 37674
 53833
 38314
 93015
 78979
 76447
 54253
 20252
 8888
 287
 57092
 44295
 18714
 84298
 58244
 15588
 20674
 9182
 1440
 70072
 64242
 22516
 24175
 65690
 28082
 30798
 19361
 99123
 4550
 18371
 93253
 1545
 91843
 88395
 56141
 55170
 57472
 38618
 41479
 12841
 20616
 52114
 28136
 77224
 40089
 50212
 62094
 12286
 83180
 3073
 23357
 7557
 5592
 59650
 99271
 68903
 66378
 28714
 75845
 94525
 90805
 68792
 28330
 99223
 67509
 84495
 24923
 8499
 88239
 98951
 69700
 87242
 89414
 52959
 34327
 11412
 51746
 99558
 63218
 82647
 27375
 67639
 9101
 52629
 10620
 56759
 69162
 63757
 5224
 76298
 82670
 75300
 85677
 76958
 27498
 13684
 27489
 60793
 92206
 58413
 56499
 16791
 76406
 24580
 78547
 43491
 64168
 98734
 16712
 1466
 39430
 73613
 42931
 41398
 16627
 29042
 17867
 68830
 37606
 58246
 56170
 18459
 42304
 32351
 29550
 23098
 55726
 93972
 13609
 91757
 58515
 74115
 5676
 73205
 18434
 71276
 72504
 47578
 186
 87610
 17043
 5394
 94891
 99121
 14960
 73776
 86393
 35851
 27210
 85444
 42342
 40105
 29478
 19665
 9126
 69584
 36298
 29919
 56469
 86816
 93359
 90255
 38176
 9975
 73971
 63289
 51649
 99861
 18634
 93520
 11383
 59577
 7030
 20634
 90699
 13752
 1425
 2234
 13887
 73470
 9522
 8575
 18239
 55070
 23472
 2263
 95665
 14824
 96275
 4302
 18568
 55900
 31841
 3970
 61737
 80481
 30350
 16883
 71630
 28292
 69943
 33808
 10993
 45659
 59965
 92148
 4617
 3114
 3701
 83272
 59182
 10273
 53875
 24246
 74360
 75040
 38377
 90131
 59642
 81535
 71953
 43902
 70699
 88031
 29713
 86027
 23490
 7405
 11156
 80408
 7882
 30564
 11912
 39647
 81436
 57081
 6677
 7450
 63577
 84538
 7148
 62013
 54717
 68596
 63803
 6785
 13495
 92392
 55975
 51471
 14039
 62814
 36247
 24679
 6597
 75525
 38965
 81134
 94233
 29363
 58745
 5447
 23523
 38636
 45556
 24809
 36465
 20039
 37154
 38255
 67254
 56062
 7739
 71471
 23873
 66663
 29889
 24533
 52119
 14579
 15145
 10408
 79752
 88616
 36119
 74177
 50444
 19441
 23679
 40015
 87331
 62033
 98325
 69880
 14365
 12604
 71759
 97610
 87003
 22669
 50460
 19228
 83753
 14907
 29819
 75072
 11005
 18908
 25462
 44137
 10546
 76725
 26752
 73097
 14242
 97105
 74077
 13292
 22345
 32604
 74106
 60242
 78650
 80845
 84411
 73099
 28438
 21893
 70537
 14078
 64691
 53815
 46010
 10531
 51712
 21964
 26314
 26821
 39916
 16151
 85674
 14497
 62546
 7056
 35447
 65976
 81001
 19383
 42471
 41141
 30244
 87827
 51476
 60314
 41767
 25933
 56175
 85877
 70205
 76193
 88384
 19560
 63051
 48755
 71691
 6110
 18625
 56894
 82988
 78609
 65082
 61038
 41808
 92621
 83476
 58871
 11315
 64911
 44746
 95358
 16432
 43751
 1356
 17279
 33883
 57356
 62729
 57783
 12393
 56589
 7821
 90191
 61903
 70005
 19928
 88939
 60623
 59629
 22523
 36309
 27412
 87002
 87011
 44051
 62468
 80298
 1595
 54113
 97724
 28771
 85953
 44272
 75608
 559
 94842
 83863
 68489
 22380
 75652
 46030
 5253
 6540
 57641
 47589
 76152
 26929
 99624
 78505
 66053
 80974
 25156
 98664
 93231
 65954
 39948
 93867
 59896
 88635
 94684
 36590
 74901
 3768
 56265
 31549
 30390
 91848
 37150
 88274
 26692
 26237
 16435
 31067
 75994
 75616
 11147
 95030
 70233
 8680
 99003
 79977
 30425
 36363
 24799
 30712
 33789
 15550
 27018
 27515
 87995
 80692
 74480
 14384
 98750
 20377
 94917
 22927
 69003
 24606
 90595
 98913
 13892
 24997
 90923
 51502
 81810
 95967
 47681
 70470
 32787
 9909
 1630
 23847
 66075
 73499
 22918
 30134
 44290
 6098
 7163
 52575
 93532
 28606
 59421
 61124
 3492
 83572
 25734
 97076
 28612
 58389
 80003
 33841
 45204
 67142
 2747
 21760
 3916
 65596
 24527
 84883
 8709
 26534
 24893
 36499
 32432
 97747
 52095
 61726
 15633
 85602
 84333
 39958
 93383
 67944
 29055
 94499
 76459
 7051
 95630
 16236
 17110
 20741
 63736
 40572
 65529
 44389
 85878
 83536
 74539
 48612
 97072
 44976
 85030
 16133
 68175
 44739
 26745
 33749
 7249
 42288
 81710
 97841
 55657
 19454
 40324
 51234
 53622
 46498
 77694
 33051
 19809
 99956
 59144
 74299
 43852
 57349
 44683
 7174
 23586
 22282
 63308
 55662
 65308
 17972
 13643
 70606
 72209
 74377
 66776
 78567
 85577
 36709
 40564
 66756
 80700
 5917
 96833
 24108
 68364
 18083
 10390
 11760
 63404
 46901
 35078
 50394
 5206
 73896
 34810
 4364
 74547
 77779
 64196
 6366
 27048
 28934
 76281
 38247
 80160
 83024
 57159
 68856
 10525
 12580
 15739
 5663
 32448
 72384
 82143
 35271
 31910
 63551
 74756
 72245
 61648
 75559
 27584
 1295
 72512
 17552
 32451
 81629
 16288
 41639
 44798
 36844
 14092
 37963
 63709
 81946
 41719
 54028
 68958
 34737
 84317
 64432
 30636
 27382
 76774
 17845
 8314
 90774
 75887
 92920
 49584
 42831
 62705
 33971
 75074
 42748
 44478
 66893
 61779
 52379
 42775
 69326
 95589
 23725
 3043
 80312
 50278
 28005
 22247
 2100
 90677
 85993
 27378
 49210
 75067
 75708
 98977
 52889
 77213
 75993
 40254
 78843
 69655
 19042
 41546
 773
 95955
 54691
 52449
 96596
 26122
 97899
 65321
 42618
 2776
 81195
 75185
 95496
 45282
 65258
 88983
 27271
 59023
 51280
 31893
 53968
 23529
 80742
 1584
 53128
 87873
 27828
 52286
 98008
 62667
 31122
 79646
 29548
 75265
 79139
 98632
 86235
 79203
 96080
 76239
 13849
 51937
 7169
 93780
 77015
 33188
 75725
 32454
 14439
 64429
 54754
 78631
 65502
 69245
 49816
 68169
 85592
 50331
 5316
 34676
 96448
 76308
 95739
 56152
 70278
 99708
 9417
 25640
 34172
 9794
 86096
 5977
 89261
 22943
 35484
 37904
 73085
 92442
 29212
 77851
 41629
 88147
 17944
 5657
 57733
 94297
 36214
 23071
 34151
 49906
 18272
 54099
 72674
 39179
 12392
 6689
 60004
 36143
 93636
 65945
 40094
 84371
 84621
 18854
 32312
 22912
 3754
 1797
 78995
 25464
 55577
 36813
 56998
 73101
 74421
 35515
 46016
 32110
 73316
 21514
 9855
 19939
 53761
 24388
 29793
 24157
 77471
 31228
 26040
 51542
 78372
 78225
 19589
 32785
 57644
 66476
 78908
 67117
 33898
 45511
 40184
 41804
 73377
 22101
 82466
 32058
 33529
 98635
 43240
 60049
 27445
 83694
 57914
 13995
 6221
 80898
 69452
 3828
 57705
 16294
 18132
 55889
 44109
 20352
 38305
 46602
 20977
 44320
 70269
 53847
 80952
 54695
 62161
 57217
 88552
 97814
 92385
 97043
 71184
 83552
 17313
 95199
 81663
 24691
 25240
 88743
 26182
 24515
 1118
 81894
 57277
 69930
 43266
 72891
 94452
 40864
 37836
 66767
 22303
 46700
 46873
 52450
 3541
 85342
 74998
 80029
 25634
 11400
 72573
 35845
 98415
 87657
 42742
 14549
 56115
 88589
 6358
 30738
 2560
 45041
 25592
 63196
 75974
 3895
 13396
 66120
 57972
 91122
 54804
 86070
 56860
 48190
 57014
 41897
 38659
 97353
 37670
 45292
 91786
 8879
 48100
 15226
 52265
 10480
 55063
 44489
 56904
 71992
 58448
 71867
 13541
 12495
 92585
 26050
 25775
 46558
 81222
 29632
 23857
 74867
 40154
 39152
 69066
 98433
 72174
 85015
 16197
 24445
 68004
 9160
 38461
 42766
 39730
 90694
 37207
 14038
 35098
 10098
 67313
 80509
 59911
 15522
 85747
 96173
 36602
 97784
 27677
 34206
 68772
 28020
 4411
 40120
 1448
 2316
 88750
 1877
 12828
 55831
 16944
 74042
 96565
 90658
 88991
 296
 49071
 13152
 18051
 85155
 78076
 9108
 75921
 50950
 35633
 95371
 58933
 53708
 44498
 28755
 15468
 10865
 722
 10110
 19087
 85331
 81318
 83646
 76171
 13807
 30654
 43824
 9274
 53931
 51899
 63116
 69252
 7927
 8939
 27162
 58267
 41072
 21211
 22453
 6957
 25991
 30586
 78957
 39607
 63182
 17206
 36186
 4880
 11808
 54639
 6270
 59796
 3766
 75961
 8589
 4487
 75972
 78425
 95500
 53570
 6482
 67504
 13990
 28096
 85706
 93550
 81813
 31174
 70743
 21041
 67701
 1977
 78213
 20813
 19393
 58634
 22123
 79672
 73075
 81156
 45597
 30299
 73831
 45974
 18492
 8212
 62601
 5572
 95200
 37630
 4838
 20572
 57928
 15763
 63675
 73454
 31421
 21747
 66875
 25389
 61475
 6225
 36042
 76441
 424
 51368
 89669
 53945
 62989
 28497
 9707
 49749
 99297
 65535
 6773
 6842
 79914
 79346
 15987
 97607
 43793
 13657
 41765
 6681
 19107
 38587
 84439
 54427
 18676
 23810
 26939
 40598
 70457
 50866
 50884
 51728
 46065
 13230
 17695
 21896
 25985
 22809
 80976
 52727
 17889
 18203
 59193
 8827
 12548
 20163
 95027
 17556
 85125
 22949
 24711
 54539
 56670
 71711
 17854
 34731
 63472
 48106
 52989
 58059
 47587
 22755
 58282
 66867
 33380
 64022
 31172
 58303
 95298
 84613
 72179
 88870
 8935
 62183
 8184
 50217
 45671
 32038
 4213
 5551
 53473
 66841
 54955
 57124
 43258
 7524
 42265
 94106
 82703
 17179
 4338
 73032
 32539
 17511
 60129
 59942
 63282
 20228
 91328
 42999
 10723
 3721
 73327
 91182
 44048
 8756
 74670
 7852
 80565
 42549
 70293
 18587
 37568
 71427
 28647
 88636
 42574
 35238
 12634
 35171
 38152
 18896
 16188
 27251
 53879
 17479
 95205
 65917
 80249
 4620
 52712
 48507
 19968
 43198
 95664
 46666
 12491
 74224
 86939
 63249
 57153
 99256
 13946
 15645
 92994
 65209
 1928
 91857
 68465
 59687
 24779
 33867
 86441
 81783
 17800
 34902
 98534
 22580
 56909
 88556
 37632
 60254
 41900
 54195
 49932
 62511
 83245
 70295
 82297
 70944
 39900
 52131
 78290
 66006
 56982
 85561
 43543
 27561
 30137
 71537
 3076
 49252
 46658
 5686
 30274
 14740
 87517
 860
 43841
 51636
 16484
 53798
 28470
 96366
 5025
 4708
 38416
 90335
 20894
 83777
 72353
 48989
 68343
 82510
 66769
 18519
 99410
 39539
 66568
 47749
 22914
 64992
 4132
 14658
 58502
 85392
 11394
 61843
 99312
 99194
 48934
 62900
 64979
 2480
 58850
 66926
 32613
 58133
 27514
 26151
 56412
 93964
 92012
 88123
 43826
 48607
 95822
 18653
 3453
 31694
 23948
 60053
 75004
 90324
 3621
 6732
 92387
 99269
 56332
 70371
 89573
 35734
 84167
 88006
 98931
 2078
 45914
 82070
 30822
 61510
 94516
 88248
 86930
 2851
 40903
 64032
 81446
 95173
 5506
 76651
 20093
 20912
 991
 84839
 17945
 44347
 37928
 50202
 16328
 48176
 4052
 97932
 54585
 73722
 44202
 30449
 35534
 78452
 34983
 30478
 48095
 35431
 56827
 57893
 24136
 83451
 8260
 88572
 71602
 51672
 38006
 50764
 7082
 84667
 28707
 80117
 98047
 85036
 84188
 81401
 63510
 72846
 95653
 97539
 43799
 49054
 29401
 50233
 23462
 19493
 44540
 74812
 4359
 83897
 18391
 87585
 39440
 92720
 27582
 73369
 41283
 69856
 87465
 9537
 46955
 98451
 54653
 49455
 5557
 68627
 29312
 24409
 63600
 53371
 60343
 94854
 55183
 51604
 79816
 43797
 93228
 40342
 17387
 40429
 49042
 81215
 6574
 55629
 58035
 14438
 40956
 32989
 76600
 10478
 47817
 81575
 94175
 51294
 27214
 1782
 32289
 70545
 5125
 82715
 10249
 70963
 44217
 34146
 72337
 60202
 40039
 77195
 12029
 51131
 324
 39388
 82054
 94909
 91782
 66128
 90082
 5225
 76180
 30720
 88601
 86985
 43865
 33460
 63815
 36958
 45554
 9041
 15959
 81909
 55790
 46563
 71639
 93545
 47656
 38983
 39003
 1098
 30838
 3227
 23175
 44632
 45068
 20209
 7203
 87064
 52812
 22539
 94534
 44428
 79478
 69
 62286
 48701
 38994
 54049
 60935
 90841
 42358
 73154
 39170
 65443
 41218
 50620
 83107
 19538
 41998
 67866
 77185
 36396
 20994
 47132
 12524
 5457
 9064
 23649
 92462
 4295
 18410
 72971
 13420
 11132
 97066
 15111
 88191
 47607
 72582
 27332
 76706
 58193
 96818
 18146
 80224
 59060
 47543
 52221
 26616
 52546
 14065
 76623
 31557
 18335
 32410
 77348
 4392
 60249
 44338
 32424
 92447
 21630
 56305
 92735
 82667
 55453
 98220
 96900
 17959
 23118
 85784
 47122
 84976
 66890
 84615
 36213
 14917
 14062
 14150
 54933
 71814
 4309
 93465
 27218
 52983
 37406
 65781
 43115
 23070
 63109
 82830
 47906
 34268
 56937
 15607
 22299
 4004
 8251
 47454
 1137
 75896
 90142
 36046
 28556
 32084
 13098
 97465
 30303
 44730
 92519
 57021
 1608
 79237
 4087
 29157
 53181
 4361
 21336
 45737
 86474
 47637
 50601
 53539
 87184
 71074
 39793
 39814
 87022
 64699
 81114
 11752
 6747
 73281
 85771
 77655
 751
 19715
 59795
 57647
 64007
 45803
 85079
 56072
 66678
 61288
 71139
 44405
 4147
 85367
 46334
 74778
 67258
 32968
 70713
 35883
 58076
 4162
 86817
 87322
 41054
 96807
 91621
 80887
 43040
 39830
 31178
 86648
 8821
 96410
 97642
 97769
 45435
 23429
 23360
 82183
 72683
 41890
 86590
 85594
 13268
 66094
 86595
 98962
 81099
 11942
 14984
 31852
 81141
 1633
 56721
 90097
 33570
 11395
 78865
 78693
 88399
 13703
 7670
 12613
 20061
 96113
 24467
 35270
 4590
 55918
 36552
 72170
 9057
 50774
 88180
 31329
 81027
 61226
 82679
 70733
 66313
 41863
 42108
 90946
 10565
 16285
 17250
 42790
 21746
 24646
 8786
 31468
 15810
 2649
 91831
 14887
 81852
 81745
 37522
 31281
 18814
 61909
 31726
 56672
 24627
 81705
 92465
 24319
 49921
 74289
 89174
 68064
 45789
 47974
 90439
 27586
 98576
 30269
 27335
 66665
 34919
 76507
 15923
 99717
 87443
 84968
 34825
 99643
 79845
 54442
 37482
 24514
 85885
 9278
 9611
 44728
 98243
 41988
 79505
 7164
 79726
 50690
 29025
 2454
 57707
 67896
 56381
 27301
 64634
 31386
 75552
 52370
 28674
 84791
 14146
 29800
 46543
 93487
 55785
 27061
 50099
 47042
 90785
 32037
 31569
 13730
 79030
 96155
 88284
 68207
 84903
 62225
 47413
 57006
 13659
 56070
 11521
 21242
 68612
 96303
 71135
 78524
 72189
 27043
 31066
 42879
 60529
 39630
 18288
 23474
 6290
 5070
 69743
 97090
 51513
 45178
 54356
 97174
 83815
 14718
 56490
 94174
 90208
 23825
 10351
 37454
 14592
 4751
 29002
 29069
 78158
 72896
 52867
 29732
 53579
 13043
 8324
 85881
 83893
 21532
 26039
 30773
 20889
 5214
 59910
 41288
 57078
 76081
 49208
 16229
 98818
 66294
 93934
 83750
 58600
 8435
 57798
 429
 78140
 2287
 62312
 8746
