 35588
 29417
 53357
 21157
 81960
 19098
 65575
 58120
 18712
 49612
 57716
 56360
 49423
 87332
 50827
 53991
 10148
 45328
 46804
 72797
 80773
 39628
 71524
 15084
 665
 71307
 9898
 83360
 10878
 57136
 57236
 28828
 86649
 17038
 96626
 50251
 85188
 69171
 12026
 27925
 75978
 2408
 96604
 58595
 50216
 12809
 25520
 65958
 81412
 9449
 41124
 51357
 23890
 73041
 25302
 66535
 68150
 63599
 39969
 91666
 26204
 77498
 85353
 93136
 13572
 9976
 45668
 85492
 23506
 47053
 79206
 54292
 73531
 75075
 359
 92510
 89607
 26
 38495
 76295
 76763
 88373
 40483
 31960
 1091
 2170
 54417
 50516
 14388
 36710
 48344
 70931
 44914
 12337
 48935
 37674
 53833
 38314
 93015
 78979
 76447
 54253
 20252
 8888
 287
 57092
 44295
 18714
 84298
 58244
 15588
 20674
 9182
 1440
 70072
 64242
 22516
 24175
 65690
 28082
 30798
 19361
 99123
 4550
 18371
 93253
 1545
 91843
 88395
 56141
 55170
 57472
 38618
 41479
 12841
 20616
 52114
 28136
 77224
 40089
 50212
 62094
 12286
 83180
 3073
 23357
 7557
 5592
 59650
 99271
 68903
 66378
 28714
 75845
 94525
 90805
 68792
 28330
 99223
 67509
 84495
 24923
 8499
 88239
 98951
 69700
 87242
 89414
 52959
 34327
 11412
 51746
 99558
 63218
 82647
 27375
 67639
 9101
 52629
 10620
 56759
 69162
 63757
 5224
 76298
 82670
 75300
 85677
 76958
 27498
 13684
 27489
 60793
 92206
 58413
 56499
 16791
 76406
 24580
 78547
 43491
 64168
 98734
 16712
 1466
 39430
 73613
 42931
 41398
 16627
 29042
 17867
 68830
 37606
 58246
 56170
 18459
 42304
 32351
 29550
 23098
 55726
 93972
 13609
 91757
 58515
 74115
 5676
 73205
 18434
 71276
 72504
 47578
 186
 87610
 17043
 5394
 94891
 99121
 14960
 73776
 86393
 35851
 27210
 85444
 42342
 40105
 29478
 19665
 9126
 69584
 36298
 29919
 56469
 86816
 93359
 90255
 38176
 9975
 73971
 63289
 51649
 99861
 18634
 93520
 11383
 59577
 7030
 20634
 90699
 13752
 1425
 2234
 13887
 73470
 9522
 8575
 18239
 55070
 23472
 2263
 95665
 14824
 96275
 4302
 18568
 55900
 31841
 3970
 61737
 80481
 30350
 16883
 71630
 28292
 69943
 33808
 10993
 45659
 59965
 92148
 4617
 3114
 3701
 83272
 59182
 10273
 53875
 24246
 74360
 75040
 38377
 90131
 59642
 81535
 71953
 43902
 70699
 88031
 29713
 86027
 23490
 7405
 11156
 80408
 7882
 30564
 11912
 39647
 81436
 57081
 6677
 7450
 63577
 84538
 7148
 62013
 54717
 68596
 63803
 6785
 13495
 92392
 55975
 51471
 14039
 62814
 36247
 24679
 6597
 75525
 38965
 81134
 94233
 29363
 58745
 5447
 23523
 38636
 45556
 24809
 36465
 20039
 37154
 38255
 67254
 56062
 7739
 71471
 23873
 66663
 29889
 24533
 52119
 14579
 15145
 10408
 79752
 88616
 36119
 74177
 50444
 19441
 23679
 40015
 87331
 62033
 98325
 69880
 14365
 12604
 71759
 97610
 87003
 22669
 50460
 19228
 83753
 14907
 29819
 75072
 11005
 18908
 25462
 44137
 10546
 76725
 26752
 73097
 14242
 97105
 74077
 13292
 22345
 32604
 74106
 60242
 78650
 80845
 84411
 73099
 28438
 21893
 70537
 14078
 64691
 53815
 46010
 10531
 51712
 21964
 26314
 26821
 39916
 16151
 85674
 14497
 62546
 7056
 35447
 65976
 81001
 19383
 42471
 41141
 30244
 87827
 51476
 60314
 41767
 25933
 56175
 85877
 70205
 76193
 88384
 19560
 63051
 48755
 71691
 6110
 18625
 56894
 82988
 78609
 65082
 61038
 41808
 92621
 83476
 58871
 11315
 64911
 44746
 95358
 16432
 43751
 1356
 17279
 33883
 57356
 62729
 57783
 12393
 56589
 7821
 90191
 61903
 70005
 19928
 88939
 60623
 59629
 22523
 36309
 27412
 87002
 87011
 44051
 62468
 80298
 1595
 54113
 97724
 28771
 85953
 44272
 75608
 559
 94842
 83863
 68489
 22380
 75652
 46030
 5253
 6540
 57641
 47589
 76152
 26929
 99624
 78505
 66053
 80974
 25156
 98664
 93231
 65954
 39948
 93867
 59896
 88635
 94684
 36590
 74901
 3768
 56265
 31549
 30390
 91848
 37150
 88274
 26692
 26237
 16435
 31067
 75994
 75616
 11147
 95030
 70233
 8680
 99003
 79977
 30425
 36363
 24799
 30712
 33789
 15550
 27018
 27515
 87995
 80692
 74480
 14384
 98750
 20377
 94917
 22927
 69003
 24606
 90595
 98913
 13892
 24997
 90923
 51502
 81810
 95967
 47681
 70470
 32787
 9909
 1630
 23847
 66075
 73499
 22918
 30134
 44290
 6098
 7163
 52575
 93532
 28606
 59421
 61124
 3492
 83572
 25734
 97076
 28612
 58389
 80003
 33841
 45204
 67142
 2747
 21760
 3916
 65596
 24527
 84883
 8709
 26534
 24893
 36499
 32432
 97747
 52095
 61726
 15633
 85602
 84333
 39958
 93383
 67944
 29055
 94499
 76459
 7051
 95630
 16236
 17110
 20741
 63736
 40572
 65529
 44389
 85878
 83536
 74539
 48612
 97072
 44976
 85030
 16133
 68175
 44739
 26745
 33749
 7249
 42288
 81710
 97841
 55657
 19454
 40324
 51234
 53622
 46498
 77694
 33051
 19809
 99956
 59144
 74299
 43852
 57349
 44683
 7174
 23586
 22282
 63308
 55662
 65308
 17972
 13643
 70606
 72209
 74377
 66776
 78567
 85577
 36709
 40564
 66756
 80700
 5917
 96833
 24108
 68364
 18083
 10390
 11760
 63404
 46901
 35078
 50394
 5206
 73896
 34810
 4364
 74547
 77779
 64196
 6366
 27048
 28934
 76281
 38247
 80160
 83024
 57159
 68856
 10525
 12580
 15739
 5663
 32448
 72384
 82143
 35271
 31910
 63551
 74756
 72245
 61648
 75559
 27584
 1295
 72512
 17552
 32451
 81629
 16288
 41639
 44798
 36844
 14092
 37963
 63709
 81946
 41719
 54028
 68958
 34737
 84317
 64432
 30636
 27382
 76774
 17845
 8314
 90774
 75887
 92920
 49584
 42831
 62705
 33971
 75074
 42748
 44478
 66893
 61779
 52379
 42775
 69326
 95589
 23725
 3043
 80312
 50278
 28005
 22247
 2100
 90677
 85993
 27378
 49210
 75067
 75708
 98977
 52889
 77213
 75993
 40254
 78843
 69655
 19042
 41546
 773
 95955
 54691
 52449
 96596
 26122
 97899
 65321
 42618
 2776
 81195
 75185
 95496
 45282
 65258
 88983
 27271
 59023
 51280
 31893
 53968
 23529
 80742
 1584
 53128
 87873
 27828
 52286
 98008
 62667
 31122
 79646
 29548
 75265
 79139
 98632
 86235
 79203
 96080
 76239
 13849
 51937
 7169
 93780
 77015
 33188
 75725
 32454
 14439
 64429
 54754
 78631
 65502
 69245
 49816
 68169
 85592
 50331
 5316
 34676
 96448
 76308
 95739
 56152
 70278
 99708
 9417
 25640
 34172
 9794
 86096
 5977
 89261
 22943
 35484
 37904
 73085
 92442
 29212
 77851
 41629
 88147
 17944
 5657
 57733
 94297
 36214
 23071
 34151
 49906
 18272
 54099
 72674
 39179
 12392
 6689
 60004
 36143
 93636
 65945
 40094
 84371
 84621
 18854
 32312
 22912
 3754
 1797
 78995
 25464
 55577
 36813
 56998
 73101
 74421
 35515
 46016
 32110
 73316
 21514
 9855
 19939
 53761
 24388
 29793
 24157
 77471
 31228
 26040
 51542
 78372
 78225
 19589
 32785
 57644
 66476
 78908
 67117
 33898
 45511
 40184
 41804
 73377
 22101
 82466
 32058
 33529
 98635
 43240
 60049
 27445
 83694
 57914
 13995
 6221
 80898
 69452
 3828
 57705
 16294
 18132
 55889
 44109
 20352
 38305
 46602
 20977
 44320
 70269
 53847
 80952
 54695
 62161
 57217
 88552
 97814
 92385
 97043
 71184
 83552
 17313
 95199
 81663
 24691
 25240
 88743
 26182
 24515
 1118
 81894
 57277
 69930
 43266
 72891
 94452
 40864
 37836
 66767
 22303
 46700
 46873
 52450
 3541
 85342
 74998
 80029
 25634
 11400
 72573
 35845
 98415
 87657
 42742
 14549
 56115
 88589
 6358
 30738
 2560
 45041
 25592
 63196
 75974
 3895
 13396
 66120
 57972
 91122
 54804
 86070
 56860
 48190
 57014
 41897
 38659
 97353
 37670
 45292
 91786
 8879
 48100
 15226
 52265
 10480
 55063
 44489
 56904
 71992
 58448
 71867
 13541
 12495
 92585
 26050
 25775
 46558
 81222
 29632
 23857
 74867
 40154
 39152
 69066
 98433
 72174
 85015
 16197
 24445
 68004
 9160
 38461
 42766
 39730
 90694
 37207
 14038
 35098
 10098
 67313
 80509
 59911
 15522
 85747
 96173
 36602
 97784
 27677
 34206
 68772
 28020
 4411
 40120
 1448
 2316
 88750
 1877
 12828
 55831
 16944
 74042
 96565
 90658
 88991
 296
 49071
 13152
 18051
 85155
 78076
 9108
 75921
 50950
 35633
 95371
 58933
 53708
 44498
 28755
 15468
 10865
 722
 10110
 19087
 85331
 81318
 83646
 76171
 13807
 30654
 43824
 9274
 53931
 51899
 63116
 69252
 7927
 8939
 27162
 58267
 41072
 21211
 22453
 6957
 25991
 30586
 78957
 39607
 63182
 17206
 36186
 4880
 11808
 54639
 6270
 59796
 3766
 75961
 8589
 4487
 75972
 78425
 95500
 53570
 6482
 67504
 13990
 28096
 85706
 93550
 81813
 31174
 70743
 21041
 67701
 1977
 78213
 20813
 19393
 58634
 22123
 79672
 73075
 81156
 45597
 30299
 73831
 45974
 18492
 8212
 62601
 5572
 95200
 37630
 4838
 20572
 57928
 15763
 63675
 73454
 31421
 21747
 66875
 25389
 61475
 6225
 36042
 76441
 424
 51368
 89669
 53945
 62989
 28497
 9707
 49749
 99297
 65535
 6773
 6842
 79914
 79346
 15987
 97607
 43793
 13657
 41765
 6681
 19107
 38587
 84439
 54427
 18676
 23810
 26939
 40598
 70457
 50866
 50884
 51728
 46065
 13230
 17695
 21896
 25985
 22809
 80976
 52727
 17889
 18203
 59193
 8827
 12548
 20163
 95027
 17556
 85125
 22949
 24711
 54539
 56670
 71711
 17854
 34731
 63472
 48106
 52989
 58059
 47587
 22755
 58282
 66867
 33380
 64022
 31172
 58303
 95298
 84613
 72179
 88870
 8935
 62183
 8184
 50217
 45671
 32038
 4213
 5551
 53473
 66841
 54955
 57124
 43258
 7524
 42265
 94106
 82703
 17179
 4338
 73032
 32539
 17511
 60129
 59942
 63282
 20228
 91328
 42999
 10723
 3721
 73327
 91182
 44048
 8756
 74670
 7852
 80565
 42549
 70293
 18587
 37568
 71427
 28647
 88636
 42574
 35238
 12634
 35171
 38152
 18896
 16188
 27251
 53879
 17479
 95205
 65917
 80249
 4620
 52712
 48507
 19968
 43198
 95664
 46666
 12491
 74224
 86939
 63249
 57153
 99256
 13946
 15645
 92994
 65209
 1928
 91857
 68465
 59687
 24779
 33867
 86441
 81783
 17800
 34902
 98534
 22580
 56909
 88556
 37632
 60254
 41900
 54195
 49932
 62511
 83245
 70295
 82297
 70944
 39900
 52131
 78290
 66006
 56982
 85561
 43543
 27561
 30137
 71537
 3076
 49252
 46658
 5686
 30274
 14740
 87517
 860
 43841
 51636
 16484
 53798
 28470
 96366
 5025
 4708
 38416
 90335
 20894
 83777
 72353
 48989
 68343
 82510
 66769
 18519
 99410
 39539
 66568
 47749
 22914
 64992
 4132
 14658
 58502
 85392
 11394
 61843
 99312
 99194
 48934
 62900
 64979
 2480
 58850
 66926
 32613
 58133
 27514
 26151
 56412
 93964
 92012
 88123
 43826
 48607
 95822
 18653
 3453
 31694
 23948
 60053
 75004
 90324
 3621
 6732
 92387
 99269
 56332
 70371
 89573
 35734
 84167
 88006
 98931
 2078
 45914
 82070
 30822
 61510
 94516
 88248
 86930
 2851
 40903
 64032
 81446
 95173
 5506
 76651
 20093
 20912
 991
 84839
 17945
 44347
 37928
 50202
 16328
 48176
 4052
 97932
 54585
 73722
 44202
 30449
 35534
 78452
 34983
 30478
 48095
 35431
 56827
 57893
 24136
 83451
 8260
 88572
 71602
 51672
 38006
 50764
 7082
 84667
 28707
 80117
 98047
 85036
 84188
 81401
 63510
 72846
 95653
 97539
 43799
 49054
 29401
 50233
 23462
 19493
 44540
 74812
 4359
 83897
 18391
 87585
 39440
 92720
 27582
 73369
 41283
 69856
 87465
 9537
 46955
 98451
 54653
 49455
 5557
 68627
 29312
 24409
 63600
 53371
 60343
 94854
 55183
 51604
 79816
 43797
 93228
 40342
 17387
 40429
 49042
 81215
 6574
 55629
 58035
 14438
 40956
 32989
 76600
 10478
 47817
 81575
 94175
 51294
 27214
 1782
 32289
 70545
 5125
 82715
 10249
 70963
 44217
 34146
 72337
 60202
 40039
 77195
 12029
 51131
 324
 39388
 82054
 94909
 91782
 66128
 90082
 5225
 76180
 30720
 88601
 86985
 43865
 33460
 63815
 36958
 45554
 9041
 15959
 81909
 55790
 46563
 71639
 93545
 47656
 38983
 39003
 1098
 30838
 3227
 23175
 44632
 45068
 20209
 7203
 87064
 52812
 22539
 94534
 44428
 79478
 69
 62286
 48701
 38994
 54049
 60935
 90841
 42358
 73154
 39170
 65443
 41218
 50620
 83107
 19538
 41998
 67866
 77185
 36396
 20994
 47132
 12524
 5457
 9064
 23649
 92462
 4295
 18410
 72971
 13420
 11132
 97066
 15111
 88191
 47607
 72582
 27332
 76706
 58193
 96818
 18146
 80224
 59060
 47543
 52221
 26616
 52546
 14065
 76623
 31557
 18335
 32410
 77348
 4392
 60249
 44338
 32424
 92447
 21630
 56305
 92735
 82667
 55453
 98220
 96900
 17959
 23118
 85784
 47122
 84976
 66890
 84615
 36213
 14917
 14062
 14150
 54933
 71814
 4309
 93465
 27218
 52983
 37406
 65781
 43115
 23070
 63109
 82830
 47906
 34268
 56937
 15607
 22299
 4004
 8251
 47454
 1137
 75896
 90142
 36046
 28556
 32084
 13098
 97465
 30303
 44730
 92519
 57021
 1608
 79237
 4087
 29157
 53181
 4361
 21336
 45737
 86474
 47637
 50601
 53539
 87184
 71074
 39793
 39814
 87022
 64699
 81114
 11752
 6747
 73281
 85771
 77655
 751
 19715
 59795
 57647
 64007
 45803
 85079
 56072
 66678
 61288
 71139
 44405
 4147
 85367
 46334
 74778
 67258
 32968
 70713
 35883
 58076
 4162
 86817
 87322
 41054
 96807
 91621
 80887
 43040
 39830
 31178
 86648
 8821
 96410
 97642
 97769
 45435
 23429
 23360
 82183
 72683
 41890
 86590
 85594
 13268
 66094
 86595
 98962
 81099
 11942
 14984
 31852
 81141
 1633
 56721
 90097
 33570
 11395
 78865
 78693
 88399
 13703
 7670
 12613
 20061
 96113
 24467
 35270
 4590
 55918
 36552
 72170
 9057
 50774
 88180
 31329
 81027
 61226
 82679
 70733
 66313
 41863
 42108
 90946
 10565
 16285
 17250
 42790
 21746
 24646
 8786
 31468
 15810
 2649
 91831
 14887
 81852
 81745
 37522
 31281
 18814
 61909
 31726
 56672
 24627
 81705
 92465
 24319
 49921
 74289
 89174
 68064
 45789
 47974
 90439
 27586
 98576
 30269
 27335
 66665
 34919
 76507
 15923
 99717
 87443
 84968
 34825
 99643
 79845
 54442
 37482
 24514
 85885
 9278
 9611
 44728
 98243
 41988
 79505
 7164
 79726
 50690
 29025
 2454
 57707
 67896
 56381
 27301
 64634
 31386
 75552
 52370
 28674
 84791
 14146
 29800
 46543
 93487
 55785
 27061
 50099
 47042
 90785
 32037
 31569
 13730
 79030
 96155
 88284
 68207
 84903
 62225
 47413
 57006
 13659
 56070
 11521
 21242
 68612
 96303
 71135
 78524
 72189
 27043
 31066
 42879
 60529
 39630
 18288
 23474
 6290
 5070
 69743
 97090
 51513
 45178
 54356
 97174
 83815
 14718
 56490
 94174
 90208
 23825
 10351
 37454
 14592
 4751
 29002
 29069
 78158
 72896
 52867
 29732
 53579
 13043
 8324
 85881
 83893
 21532
 26039
 30773
 20889
 5214
 59910
 41288
 57078
 76081
 49208
 16229
 98818
 66294
 93934
 83750
 58600
 8435
 57798
 429
 78140
 2287
 62312
 8746
 49905
 59049
 19742
 73354
 27097
 89031
 81801
 19066
 52490
 21796
 31276
 63157
 40756
 95699
 39115
 23214
 73886
 12365
 62296
 8959
 26043
 8712
 80162
 34899
 60251
 37289
 35868
 46151
 4552
 89925
 18954
 30433
 69167
 22921
 94425
 89236
 98535
 91138
 47190
 1236
 51915
 63945
 68295
 30048
 26029
 10127
 81683
 46545
 36883
 26352
 70716
 43654
 26867
 5764
 65903
 82407
 25892
 41772
 87927
 36444
 17515
 55276
 38320
 33499
 48732
 34128
 85748
 70751
 63953
 57274
 6434
 91995
 97917
 71152
 21032
 40704
 88551
 67304
 59949
 5128
 25914
 6046
 97419
 74676
 36957
 2097
 11793
 78952
 22088
 45161
 24895
 83520
 6838
 29736
 55257
 74999
 53582
 49116
 76044
 27616
 63784
 60372
 44760
 22225
 42829
 2446
 30287
 32087
 6343
 46620
 21940
 56068
 7415
 8980
 91091
 26245
 41206
 47126
 13687
 35748
 20675
 73547
 63263
 38032
 8735
 50558
 38935
 82825
 42279
 4303
 78925
 99471
 76715
 22463
 56725
 73130
 69596
 73739
 24115
 47961
 10944
 10450
 89833
 73541
 19374
 37776
 25202
 51719
 2968
 77486
 42571
 46888
 85369
 22602
 83372
 30535
 98072
 79908
 61521
 79427
 47884
 7176
 24343
 88994
 25898
 65771
 65756
 98771
 76601
 43080
 20038
 64172
 20670
 90234
 62945
 58386
 17314
 18074
 83193
 97269
 88561
 81721
 39020
 84764
 10381
 48281
 2098
 86501
 50980
 85696
 95776
 68515
 70065
 21253
 79493
 63940
 49694
 11614
 44335
 66259
 2295
 7321
 88695
 32274
 80241
 1995
 19132
 34522
 24217
 34653
 27902
 42716
 94833
 53103
 86671
 36848
 44245
 31923
 63477
 30973
 85040
 70025
 3475
 25306
 15162
 24569
 84649
 7372
 40122
 69376
 71411
 98812
 2793
 13326
 95762
 31708
 21917
 23396
 94277
 97469
 31349
 51295
 34116
 86267
 57278
 47955
 9387
 96932
 13547
 74825
 19691
 83012
 58618
 68179
 46659
 26217
 94154
 43605
 11996
 37005
 75554
 17291
 19222
 25006
 52404
 50166
 4245
 26277
 10175
 60189
 6984
 65644
 99547
 59551
 31478
 93060
 1421
 5400
 87901
 61804
 37676
 85425
 93713
 53788
 18540
 77553
 5243
 35292
 14006
 72818
 73035
 65733
 71191
 99143
 69287
 26892
 82019
 42397
 9747
 42604
 34306
 37899
 86494
 54025
 89870
 95597
 62194
 24512
 74140
 68494
 33872
 78240
 3059
 48519
 51439
 44640
 55402
 36584
 94968
 83731
 83794
 52965
 22372
 80278
 30731
 21296
 4516
 34818
 28908
 70261
 11018
 98862
 50623
 26985
 19367
 22717
 22612
 34469
 16162
 92456
 9281
 77356
 32869
 81872
 78670
 11396
 23059
 30065
 19462
 9133
 80297
 81087
 67906
 55450
 82049
 73471
 5064
 33912
 56632
 49762
 30737
 57398
 39577
 10718
 25857
 53398
 74888
 94055
 72655
 72557
 5588
 26900
 32575
 87088
 39655
 52364
 69847
 57851
 31780
 628
 20770
 31074
 18923
 44747
 9418
 32769
 43906
 28986
 43310
 49644
 34480
 96787
 75656
 51397
 49175
 11665
 13536
 84842
 56104
 44445
 18212
 98080
 73787
 53770
 42740
 56330
 87299
 67776
 47515
 85081
 89210
 75103
 6429
 80002
 93200
 32809
 27661
 74370
 67763
 4230
 82887
 70037
 33067
 61562
 18354
 86129
 98186
 55820
 97748
 60991
 36750
 74527
 83670
 58958
 41372
 91534
 86291
 75506
 86597
 74608
 6878
 99030
 67124
 67070
 36796
 65572
 12359
 72616
 58480
 94257
 48672
 35183
 71181
 10332
 98478
 31525
 25982
 70532
 32407
 85758
 86137
 38536
 63316
 17338
 12395
 39422
 61018
 90872
 59281
 9919
 13114
 60238
 99667
 62873
 69872
 94548
 26905
 91002
 62266
 59247
 38167
 11057
 36109
 60730
 3435
 5073
 21818
 25111
 82599
 29152
 32465
 56217
 85824
 68704
 47302
 50107
 26757
 96036
 75440
 16687
 90581
 23322
 28932
 75959
 71824
 34962
 97628
 54258
 87094
 23912
 21088
 24480
 47878
 47218
 8348
 35756
 40994
 80371
 79844
 3564
 71880
 16263
 34764
 68354
 6080
 64705
 25167
 22817
 75337
 89547
 78084
 59855
 8595
 19241
 3368
 6758
 64463
 47864
 55754
 75061
 73551
 33216
 31701
 26750
 22288
 10548
 41959
 72156
 60416
 43130
 76283
 62836
 1308
 61602
 85098
 76223
 52926
 71975
 46224
 83837
 51163
 69424
 64960
 98461
 86215
 95511
 71366
 33177
 30461
 68959
 43328
 37376
 32142
 38614
 25088
 54525
 21466
 79014
 9613
 3262
 93103
 54100
 32082
 84721
 585
 16638
 99275
 95366
 92941
 50960
 46455
 61108
 51167
 61269
 95516
 49686
 73118
 30527
 12061
 41616
 29006
 94908
 18374
 70376
 62629
 35406
 23871
 33966
 81496
 11286
 37419
 7288
 22983
 30533
 61880
 63811
 41168
 51809
 21227
 59872
 37625
 95433
 12240
 95960
 80824
 18660
 71489
 75803
 21567
 27699
 14856
 86055
 66181
 90980
 92742
 85373
 6879
 19407
 2785
 11136
 61566
 64760
 55407
 46471
 22066
 46694
 33060
 22562
 8677
 23681
 71845
 13466
 97038
 83879
 13432
 74599
 92939
 80196
 69731
 89711
 98990
 49215
 1128
 32878
 47263
 56235
 12280
 45842
 13877
 9136
 7132
 28732
 76592
 58709
 84364
 70033
 37950
 87126
 55879
 11944
 88526
 71354
 20168
 94943
 27104
 65642
 28328
 57029
 56284
 22355
 48831
 9973
 72423
 44144
 18783
 58144
 64816
 6447
 63121
 3691
 58741
 77463
 39487
 93282
 63681
 20713
 30632
 86884
 92534
 59464
 29156
 23371
 4048
 32657
 41850
 86048
 54068
 91679
 8553
 85310
 73135
 14137
 57933
 55963
 65663
 53592
 97969
 24184
 38468
 31360
 73209
 81286
 17729
 63995
 37621
 52908
 31206
 71860
 96972
 79623
 94295
 95732
 73829
 56523
 17446
 44183
 56392
 73839
 25945
 98891
 23751
 69379
 10088
 24596
 92264
 57193
 80477
 9755
 74067
 25286
 15871
 25537
 91833
 59593
 23700
 55202
 80037
 17434
 2963
 30383
 15624
 15313
 86487
 87136
 8059
 65541
 3374
 44067
 63383
 72304
 14624
 898
 70389
 58314
 23658
 7106
 47556
 87201
 290
 59035
 82494
 43075
 35412
 83982
 85303
 63163
 91939
 71884
 31268
 63550
 40892
 137
 81557
 57075
 78668
 20309
 39612
 61366
 20778
 64382
 99905
 79741
 85259
 3752
 99711
 41513
 22298
 35352
 84749
 32452
 747
 99856
 75746
 10123
 52368
 96378
 41584
 16811
 11717
 63344
 60757
 22705
 60884
 74870
 26839
 20857
 33809
 95014
 91171
 76568
 24911
 27189
 27833
 42970
 87180
 90795
 54072
 57320
 57948
 71154
 11641
 16258
 26309
 61418
 32477
 73328
 9543
 50735
 15008
 88004
 79794
 41258
 25045
 57085
 28721
 44807
 35184
 70867
 68931
 33171
 21488
 12571
 57233
 13824
 3527
 51065
 28162
 48321
 97946
 88747
 28116
 48164
 66214
 44161
 93100
 37800
 70164
 3628
 867
 55095
 37890
 61774
 93102
 5113
 55832
 39955
 55669
 91200
 44506
 36502
 27517
 61127
 947
 63598
 21388
 96903
 29729
 35669
 39538
 35847
 86230
 46191
 98149
 78355
 30558
 7426
 58374
 68358
 31162
 4412
 37894
 21989
 49263
 46709
 7330
 42112
 17547
 10013
 57781
 10353
 98677
 46814
 68891
 84953
 74056
 59658
 86203
 57054
 95011
 40503
 28347
 70757
 67473
 85923
 94580
 53480
 9431
 94929
 65725
 92144
 97004
 43921
 27317
 65978
 62623
 11873
 95413
 52630
 38266
 94501
 73268
 71
 82699
 88427
 25253
 32349
 7033
 53948
 17371
 91125
 26255
 6509
 18133
 50641
 53136
 21934
 55397
 24093
 79989
 55310
 34331
 18773
 55120
 51435
 5527
 75834
 10198
 77771
 49327
 93353
 19972
 87505
 42728
 98685
 27532
 11022
 38732
 59575
 59056
 85851
 26704
 38264
 53890
 48041
 41796
 90684
 31884
 40822
 74876
 51729
 43268
 93038
 39668
 2407
 9571
 77948
 80352
 73270
 62470
 83078
 74196
 94486
 23244
 50066
 46323
 57279
 83828
 19927
 77299
 20962
 25008
 84153
 36358
 40774
 86458
 8666
 78597
 97388
 58790
 90007
 39933
 26753
 43722
 64929
 31194
 33335
 49395
 3371
 40691
 19523
 66924
 99196
 99257
 85439
 17171
 67009
 90938
 58998
 45299
 15238
 86838
 82444
 52062
 81676
 73305
 94877
 17513
 78743
 29507
 11672
 4129
 16761
 49963
 99385
 22715
 3952
 834
 42021
 87087
 5722
 31878
 98348
 70211
 58064
 31793
 7335
 96629
 47299
 82128
 30173
 85106
 53367
 11094
 63843
 70409
 85939
 3062
 97227
 77255
 60282
 27986
 42193
 45564
 75703
 73419
 57820
 40203
 38638
 91486
 9498
 26311
 49959
 43675
 67008
 67422
 47329
 77277
 27241
 89409
 92731
 52731
 90642
 53641
 78107
 30389
 79108
 25990
 75193
 19900
 88235
 16739
 52519
 33334
 27470
 5632
 14144
 85761
 75262
 27977
 8532
 36032
 22251
 20724
 31140
 4799
 2493
 49990
 1702
 77503
 15455
 20316
 84646
 55645
 77563
 54633
 69113
 11213
 50972
 49525
 39098
 21637
 79175
 236
 13825
 26824
 92079
 54771
 1668
 62257
 423
 94681
 90376
 60703
 61162
 89063
 88355
 23422
 79547
 57695
 62215
 69753
 26891
 92445
 62157
 42171
 15291
 22422
 54259
 1899
 48758
 62368
 26966
 32938
 26816
 28111
 92854
 92911
 85203
 69972
 62564
 82622
 28673
 14134
 66726
 75925
 1802
 8845
 17280
 64283
 7644
 16593
 75280
 57406
 5846
 50223
 46239
 53401
 64539
 97385
 48364
 39066
 58857
 9822
 78742
 70153
 30384
 42619
 61693
 90971
 51509
 41175
 23612
 97421
 30248
 15266
 45966
 87405
 10086
 46182
 80245
 52804
 33504
 67668
 50436
 66891
 30295
 14073
 81731
 31355
 47617
 1999
 73331
 22711
 56031
 19823
 83499
 16644
 93806
 22385
 81518
 69637
 27195
 69491
 38931
 50786
 92330
 41076
 66931
 6232
 53966
 44252
 90790
 94667
 30226
 17287
 97950
 52794
 98518
 56512
 23526
 11364
 27015
 90754
 11480
 96612
 72350
 98141
 11241
 20656
 2178
 54948
 37110
 6608
 96095
 59807
 11693
 41921
 5730
 77488
 51047
 27109
 37009
 34410
 2381
 24949
 79781
 66550
 15663
 96014
 57985
 27665
 78032
 4186
 9741
 35584
 73397
 19006
 36516
 48319
 46332
 72377
 33150
 20142
 70492
 66620
 20846
 54035
 30297
 41486
 15273
 20364
 55161
 86380
 13437
 69151
 15556
 16253
 59834
 56568
 91647
 56100
 95348
 78867
 6191
 40223
 23308
 49704
 98579
 55788
 75526
 24957
 89480
 57402
 38486
 20056
 14826
 11193
 38053
 19342
 10590
 45740
 63415
 46062
 9926
 87261
 96192
 70361
 80255
 70761
 90821
 80501
 66161
 30913
 55988
 90453
 64679
 60247
 74629
 55664
 58872
 36282
 35822
 38706
 47798
 33769
 10254
 94274
 93120
 87480
 61072
 7084
 89177
 36864
 40840
 890
 12998
 10209
 45242
 15282
 21199
 59059
 62820
 50086
 37340
 55582
 22989
 98130
 44003
 90408
 16057
 71634
 76451
 44872
 37446
 95351
 15148
 80464
 60667
 47215
 97377
 94436
 51468
 81641
 47917
 94766
 33850
 21778
 22990
 55619
 61424
 69369
 2341
 52568
 80854
 24075
 66496
 48454
 50222
 96417
 71540
 60388
 69937
 87650
 24203
 79919
 52483
 39453
 81883
 89948
 36237
 37531
 43786
 62641
 56517
 5496
 14256
 14970
 15500
 57495
 84170
 84507
 91055
 71763
 27706
 19172
 62728
 81618
 76712
 17186
 22140
 45649
 61123
 1052
 99206
 61434
 87916
 61417
 60365
 16139
 58563
 18888
 43458
 34472
 35456
 73176
 92294
 54870
 54854
 98855
 99440
 62178
 89791
 86026
 50506
 95119
 68429
 48490
 18624
 84949
 36770
 47541
 56163
 78660
 72234
 6800
 5611
 35312
 92411
 75805
 55685
 55668
 69114
 33082
 67235
 57000
 23425
 23952
 97588
 27240
 74525
 30939
 47140
 85604
 37330
 92078
 36578
 61871
 90993
 57640
 95360
 29048
 99225
 50914
 60995
 26887
 21791
 50120
 44465
 92752
 49326
 35548
 95101
 28853
 14141
 17548
 81138
 87769
 15366
 44765
 47790
 16323
 8419
 83832
 50710
 18352
 25757
 69590
 66710
 9762
 64955
 39712
 67230
 38631
 92959
 52504
 60533
 61898
 86747
 82603
 11220
 92256
 54440
 79472
 23553
 96217
 56692
 98371
 15293
 28701
 44699
 79147
 31351
 85964
 26584
 13283
 43213
 98650
 12130
 81983
 6013
 87860
 408
 26831
 6511
 17128
 8011
 53388
 7304
 78350
 57770
 24671
 5317
 98203
 42218
 88628
 43918
 62673
 77005
 96179
 57113
 99642
 64019
 32471
 84702
 51738
 8987
 93695
 59168
 88421
 9640
 81375
 20733
 93425
 65093
 95408
 9499
 54145
 40426
 42780
 40843
 31695
 21986
 98294
 28830
 15942
 99133
 29188
 67393
 37024
 98660
 28352
 34943
 63124
 44340
 29624
 19940
 24198
 55782
 50834
 90136
 56196
 56837
 24244
 83053
 52258
 92878
 35233
 94213
 49190
 76279
 98195
 89953
 98088
 58045
 27876
 96808
 44333
 2148
 68868
 46747
 43849
 87258
 75509
 96332
 12415
 49461
 29918
 68443
 56995
 78399
 45086
 68374
 52405
 57805
 22581
 80190
 38475
 59908
 68516
 45728
 98583
 6250
 62406
 74646
 61604
 90010
 28927
 43794
 37135
 43791
 83817
 32379
 17317
 94729
 18263
 32552
 16324
 52515
 75718
 46425
 39609
 63854
 53576
 37212
 98823
 46819
 65367
 80307
 75152
 78121
 84598
 40434
 15236
 60650
 82383
 94320
 72266
 19924
 93753
 59237
 69990
 76341
 82482
 53659
 78437
 65041
 25602
 50229
 76224
 74944
 37807
 24685
 82197
 29623
 87348
 3503
 68
 33641
 16524
 33816
 41618
 38586
 16667
 67812
 88792
 48678
 54628
 26698
 35091
 47821
 98327
 28519
 62687
 23189
 14116
 73208
 49403
 80660
 64346
 98898
 99719
 47576
 59129
 62506
 68885
 9257
 36901
 57789
 93909
 32895
 84655
 52588
 56740
 87843
 63359
 19780
 37499
 73364
 64660
 55859
 99858
 88801
 32461
 28169
 8622
 46270
 40782
 76499
 82572
 16940
 97914
 14976
 30622
 48372
 1610
 69713
 64790
 6929
 88097
 46847
 28408
 18016
 33160
 81661
 54649
 66424
 90877
 85023
 50170
 39275
 19188
 51187
 59078
 22886
 88111
 8340
 37520
 66008
 4091
 42839
 39736
 10200
 43184
 42162
 12276
 78960
 21257
 13558
 68498
 75824
 25354
 60608
 54784
 7454
 45336
 56434
 48646
 2998
 71474
 35776
 5207
 56476
 35343
 42973
 51126
 98780
 38529
 35956
 41625
 44353
 9146
 67784
 78733
 51343
 21502
 62169
 6333
 16075
 82951
 77101
 61644
 3799
 18244
 76474
 57869
 86844
 30210
 90904
 2058
 7652
 29586
 31234
 64411
 83543
 20917
 40082
 68765
 28722
 86822
 37463
 49081
 34256
 62616
 79963
 49534
 26479
 36080
 76387
 62848
 85035
 44070
 56391
 40794
 33184
 30101
 64485
 18821
 95871
 2539
 39194
 59576
 16887
 43953
 84133
 67998
 81026
 43658
 3997
 60020
 20028
 61571
 45002
 52210
 83783
 74787
 87415
 62117
 23786
 10052
 87605
 93809
 42203
 62782
 75053
 96112
 85610
 87808
 11546
 15838
 79958
 26916
 77134
 83904
 95370
 28418
 52082
 51913
 48544
 91719
 30439
 57662
 35673
 70300
 9513
 76994
 94267
 53330
 40654
 58162
 25423
 70436
 86484
 53502
 88630
 35076
 58057
 89983
 42135
 71560
 13518
 63326
 45687
 18441
 34669
 67133
 60507
 37451
 64732
 90435
 22221
 95615
 81913
 48653
 64765
 19220
 55094
 50367
 60293
 41414
 98731
 40990
 54973
 68318
 98909
 10405
 74209
 42407
 26152
 96759
 48664
 67506
 80092
 99049
 93674
 33304
 93127
 34555
 95286
 60270
 97486
 2645
 61659
 13598
 34929
 72148
 45255
 6673
 79457
 22011
 46190
 85165
 91262
 6966
 67760
 41708
 40733
 29848
 58291
 32544
 20323
 54714
 73676
 81090
 64930
 48569
 88577
 50713
 72809
 76771
 71094
 55448
 42737
 3936
 6405
 52348
 31898
 83317
 54794
 46437
 89120
 90722
 97149
 7649
 48235
 85767
 90551
 81234
 96602
 76615
 50725
 16857
 54567
 50421
 46053
 78971
 56680
 89482
 86661
 16861
 23508
 67915
 11991
 88188
 33633
 65787
 80879
 18358
 42957
 97349
 29722
 36021
 55525
 20766
 72690
 65397
 89542
 79804
 37824
 22558
 42537
 63478
 16332
 77780
 50926
 38593
 12338
 52195
 58310
 82917
 11540
 65395
 44421
 40890
 33128
 74616
 36172
 76603
 60491
 83875
 1670
 11960
 87893
 1170
 25923
 62072
 42054
 85998
 53876
 887
 84457
 86082
 35670
 55945
 76113
 21476
 33845
 29438
 32150
 4476
 76336
 81288
 20310
 89363
 69999
 25324
 69484
 22790
 4921
 83474
 13649
 84204
 85375
 86443
 19703
 48456
 26668
 94042
 97256
 69271
 50111
 99998
 78179
 71811
 47054
 32282
 73958
 1750
 90467
 59918
 28712
 89099
 3662
 79160
 69173
 57625
 67488
 13374
 56092
 29219
 75918
 63366
 64273
 74579
 37069
 12787
 31543
 63379
 19712
 33837
 506
 7892
 10813
 91176
 97813
 97069
 78994
 12067
 85437
 3118
 16854
 41680
 48028
 78163
 43412
 72755
 6252
 88550
 11826
 46438
 23255
 95587
 523
 2682
 92327
 18794
 42679
 98649
 3165
 99819
 97240
 76039
 76926
 48329
 69392
 45023
 26421
 75476
 37641
 46070
 84438
 1871
 16505
 71038
 96231
 36506
 60727
 16268
 24922
 52057
 31562
 63011
 49806
 4233
 7002
 46949
 76364
 5740
 9265
 77259
 75433
 7057
 39749
 71459
 9515
 79191
 14608
 68951
 84930
 93915
 29309
 27089
 19734
 93658
 71155
 18880
 33690
 62370
 12023
 93655
 88018
 14794
 68609
 13216
 1913
 40995
 18925
 60381
 55478
 2009
 58906
 56041
 11516
 15868
 1718
 78233
 18724
 2190
 78658
 62107
 20417
 74335
 71829
 51926
 22964
 61852
 65881
 65943
 6397
 23632
 26386
 6255
 66137
 73670
 27862
 47768
 56575
 96443
 65244
 85217
 60611
 67930
 26294
 13142
 67988
 23982
 43503
 73582
 70782
 15671
 51905
 72100
 64831
 22228
 10097
 44876
 90532
 83668
 68121
 35321
 53108
 32392
 13883
 15831
 22368
 14308
 70526
 5836
 69922
 68006
 2885
 43256
 41610
 90271
 61409
 61665
 56034
 81869
 42347
 37703
 2906
 68417
 42582
 68422
 95766
 37734
 22623
 57531
 48757
 78797
 77080
 41783
 97428
 57261
 30387
 68921
 23726
 14484
 43650
 46393
 18770
 83583
 89084
 69716
 87036
 94298
 40112
 756
 64465
 1494
 15144
 48788
 31777
 55012
 85745
 23486
 55705
 4913
 93035
 15076
 31604
 8588
 58573
 68225
 12344
 58149
 51483
 30594
 6407
 51682
 30983
 52696
 61478
 5524
 5887
 98058
 14663
 2013
 13792
 26907
 71603
 40316
 42200
 40611
 25289
 46923
 7907
 84910
 13400
 16264
 41564
 88658
 5780
 43496
 19163
 11109
 72210
 79058
 1730
 35631
 34749
 2587
 33488
 65525
 233
 44535
 30002
 83546
 2931
 55066
 67970
 12829
 76843
 87078
 47379
 24576
 24304
 16522
 66453
 7302
 11142
 28256
 10594
 53213
 12893
 95801
 30783
 63468
 70156
 70425
 5058
 45184
 61762
 4417
 40539
 24676
 91194
 6269
 45108
 39582
 13203
 30107
 78194
 39327
 30835
 20427
 64189
 39461
 44175
 57490
 80939
 98743
 3665
 76597
 58711
 21216
 4056
 68031
 69468
 95494
 84674
 26174
 45953
 15487
 86737
 53731
 79429
 67482
 34974
 91994
 62254
 38402
 82411
 1509
 33611
 52966
 49256
 11376
 16617
 74430
 43351
 13482
 93081
 16450
 75870
 30155
 2380
 59888
 93677
 92599
 52279
 81773
 84068
 94724
 21885
 46768
 86818
 1725
 17301
 2866
 78918
 78081
 86088
 54414
 17026
 39084
 37420
 45330
 56361
 32297
 13921
 91875
 47371
 46966
 35733
 6720
 45050
 51253
 46329
 47759
 74384
 59251
 88187
 9620
 58026
 3573
 56699
 53807
 7891
 12232
 89734
 37887
 81781
 4370
 53719
 65164
 99549
 86790
 97718
 5384
 47161
 11946
 58126
 63934
 33323
 7606
 74268
 26034
 36301
 67281
 29506
 18787
 83206
 48109
 37475
 66386
 72645
 18438
 15345
 82849
 26955
 80416
 73000
 34007
 74980
 22889
 10466
 24390
 65772
 64017
 19009
 69056
 79882
 93030
 47620
 61255
 45251
 14243
 70590
 90875
 46159
 7553
 70372
 80978
 67591
 90201
 35958
 44138
 73659
 7850
 95520
 17931
 38962
 99363
 41624
 29293
 11507
 10793
 88911
 5674
 21957
 89554
 38393
 66197
 19402
 31587
 25790
 5987
 16752
 50360
 81547
 93116
 68288
 1812
 42845
 97734
 387
 75826
 46885
 16319
 32736
 80320
 20446
 9443
 53598
 15363
 31255
 46328
 61430
 43907
 55299
 753
 63194
 43479
 24910
 15467
 50756
 40531
 7352
 36757
 81309
 45609
 84482
 63128
 11863
 60855
 15027
 29965
 27007
 66844
 25980
 57055
 44281
 10699
 71760
 43152
 75127
 71906
 41484
 28493
 92980
 3237
 80177
 76394
 66805
 39499
 47405
 53053
 26612
 71962
 43821
 99745
 67265
 30391
 52878
 60368
 67136
 88301
 28523
 11515
 79587
 26659
 6733
 19255
 94827
 7761
 33897
 96487
 37442
 17207
 73575
 61413
 74282
 4189
 78784
 47384
 15932
 88099
 43181
 98856
 26414
 18334
 79891
 79016
 19804
 44193
 97293
 31056
 90542
 15449
 48806
 34285
 72878
 64719
 41671
 91067
 80141
 94484
 18118
 92516
 11185
 84147
 45771
 76935
 11380
 20612
 3478
 98704
 72542
 249
 40721
 28399
 24489
 81617
 85220
 78380
 32875
 20979
 83244
 19543
 71955
 8612
 33675
 44870
 78504
 55749
 17844
 67034
 67878
 71640
 14674
 93844
 56574
 2363
 55951
 42246
 87894
 7138
 34441
 77930
 64295
 59259
 41971
 42933
 84429
 82809
 27099
 37414
 18196
 68261
 73693
 93083
 27414
 96413
 21816
 68046
 47447
 8220
 14716
 630
 56797
 81507
 32504
 18617
 42296
 1283
 69531
 5359
 23528
 23735
 8063
 71212
 74121
 22244
 68052
 65809
 72123
 74408
 90934
 26718
 96442
 28412
 72465
 54215
 22333
 33351
 58358
 36372
 24511
 11673
 65909
 65467
 36983
 22775
 20150
 88069
 69728
 65911
 29376
 94507
 82395
 94278
 4407
 33991
 6763
 10953
 95261
 52512
 45489
 21282
 228
 81599
 8064
 20759
 6780
 49563
 46788
 46797
 4383
 97504
 38112
 4779
 17113
 68570
 87412
 90329
 43059
 18878
 95147
 62040
 57421
 6209
 16265
 81500
 35879
 98791
 38269
 78105
 42584
 88673
 99582
 40829
 23192
 96819
 15131
 5178
 77509
 53680
 67218
 35380
 99210
 44571
 2808
 35945
 31954
 49643
 24708
 97357
 43361
 678
 8852
 91750
 47002
 23350
 56817
 20085
 1942
 43065
 64437
 97324
 40933
 44707
 36922
 45451
 93714
 35634
 34822
 23166
 13698
 94672
 92215
 63272
 35430
 88377
 44695
 70185
 65584
 62695
 43035
 53079
 43399
 6107
 79480
 78724
 56766
 21779
 33229
 47013
 30830
 70306
 15905
 21398
 14032
 41589
 6208
 29473
 51027
 49200
 6114
 12605
 46598
 14286
 89452
 18684
 40877
 22307
 49494
 38
 37828
 18697
 63801
 26042
 5906
 68307
 42207
 53279
 54407
 63809
 60302
 68367
 29374
 96302
 46708
 13724
 71787
 59638
 93052
 33987
 54755
 38919
 65845
 82229
 55118
 14628
 55010
 30014
 71281
 1557
 95543
 61154
 16778
 50496
 88348
 97467
 84116
 64976
 99403
 95617
 43247
 20769
 47291
 83481
 10616
 8126
 90945
 19329
 77427
 71120
 2269
 66132
 53311
 47493
 60765
 23694
 84734
 83711
 11818
 94864
 84065
 10293
 3017
 47450
 64736
 50871
 63200
 33054
 63920
 93118
 37857
 27685
 19231
 98745
 59070
 52045
 42431
 20997
 56902
 23697
 62231
 15142
 3386
 79114
 94902
 66252
 94584
 94822
 74422
 79856
 99004
 77095
 61454
 44647
 292
 29451
 22563
 9201
 48448
 83687
 66124
 30249
 71490
 58947
 71916
 41302
 22821
 25024
 53634
 60989
 5624
 80153
 4279
 5454
 60148
 69383
 49511
 74000
 59203
 53495
 27392
 11
 22374
 56207
 86931
 70227
 2711
 22682
 94000
 27879
 26119
 21722
 6967
 33099
 67293
 33524
 54767
 45872
 66865
 14541
 24037
 25418
 82048
 56095
 77971
 2447
 64320
 48720
 94625
 65825
 62177
 64305
 92654
 63458
 41591
 90019
 8932
 36853
 29988
 7930
 1111
 15176
 95853
 38746
 74929
 47568
 31990
 20755
 88250
 68240
 37332
 48930
 7121
 23124
 22923
 65665
 80134
 91131
 59499
 24585
 13713
 62528
 74255
 5354
 41465
 46327
 73537
 88705
 90553
 48875
 80222
 45631
 67372
 80609
 25105
 5043
 37004
 4867
 10569
 76216
 37382
 21304
 7863
 47889
 64147
 88091
 6830
 43455
 79791
 4017
 44185
 79877
 35393
 5161
 3601
 19740
 40027
 16952
 288
 18539
 37966
 75497
 64490
 51925
 54386
 82387
 97584
 79156
 12526
 56745
 37401
 82011
 15050
 58285
 70690
 39071
 19962
 10516
 43088
 38751
 61065
 54721
 37467
 54602
 87220
 20265
 15578
 70546
 71742
 54701
 163
 52462
 21700
 71297
 54056
 84269
 66300
 30567
 99501
 91606
 65861
 34798
 52245
 36349
 60149
 79982
 11331
 76608
 39527
 41548
 71438
 72879
 25737
 98473
 91325
 7978
 46542
 31934
 59870
 13556
 53268
 18109
 51661
 63573
 51919
 60233
 61202
 82922
 15696
 51040
 68553
 71221
 72926
 96279
 1366
 87225
 97915
 90420
 29834
 67679
 9422
 66531
 11532
 83914
 42967
 91190
 36259
 47898
 39468
 56551
 33462
 80331
 32562
 92366
 60067
 73174
 57936
 10539
 54571
 54404
 48954
 34212
 56206
 52695
 9600
 24841
 11699
 92199
 21236
 2635
 25010
 95265
 98053
 80730
 89971
 39641
 26456
 78455
 63862
 11101
 20167
 17348
 38263
 64474
 45558
 2368
 17072
 4717
 71739
 46110
 67543
 78976
 96703
 84924
 79923
 4212
 57475
 96757
 12016
 47064
 32532
 18963
 98496
 22747
 90165
 12596
 47927
 8571
 30940
 88207
 11603
 15929
 61027
 10160
 92820
 47373
 74683
 78230
 37791
 88865
 8287
 5124
 88072
 6125
 30219
 28402
 52779
 70446
 67373
 10889
 59423
 12090
 70307
 14920
 99739
 41894
 14594
 86365
 75603
 20600
 26922
 54997
 97246
 34608
 17009
 1602
 81483
 82556
 10331
 74892
 64352
 80964
 45666
 49674
 67198
 89091
 11343
 84747
 78295
 87149
 13947
 41576
 6217
 38747
 28684
 91296
 74307
 91089
 58093
 92778
 17535
 52232
 62968
 23754
 65708
 34311
 88304
 81584
 59219
 4854
 34878
 53657
 77949
 61967
 57505
 51861
 276
 69026
 46522
 26589
 98670
 29885
 22590
 22281
 27362
 80835
 94705
 9896
 8555
 15135
 25883
 43545
 7332
 28223
 62955
 79683
 49855
 2307
 15814
 80347
 39408
 42488
 20941
 35172
 69968
 57536
 77892
 44073
 76091
 99971
 85842
 15091
 9776
 73924
 80482
 81998
 90212
 69077
 74642
 62345
 31865
 10515
 86810
 94496
 35329
 31146
 55305
 2713
 53785
 87524
 22614
 48054
 80167
 55068
 34036
 71909
 50495
 64425
 69966
 82933
 65534
 82029
 44336
 26758
 76835
 5924
 43183
 77725
 88027
 31632
 45459
 96660
 11064
 2229
 43811
 96640
 7456
 36128
 80755
 13823
 77220
 26562
 81023
 56181
 18918
 36597
 66856
 41893
 90314
 72967
 44467
 88046
 67806
 9188
 37622
 63189
 11868
 53089
 66083
 45722
 28336
 44515
 21624
 63951
 57591
 53696
 58975
 52487
 691
 92466
 73837
 70455
 66285
 15729
 86255
 74644
 4466
 189
 76985
 59025
 30416
 15885
 38964
 30268
 98733
 54557
 2034
 51028
 80996
 55553
 37597
 10719
 45425
 14147
 49545
 39402
 10037
 21136
 20882
 49786
 93814
 11119
 50165
 74113
 48944
 59234
 48993
 93174
 7609
 49087
 91718
 71264
 27469
 68081
 91701
 27792
 49574
 59311
 70717
 88319
 7216
 56806
 2427
 21243
 16451
 4572
 94587
 96656
 23464
 19887
 87399
 30121
 61685
 20799
 17526
 3442
 34755
 77932
 25858
 20026
 64052
 12140
 52834
 82743
 43885
 98653
 89192
 39379
 86773
 52598
 84430
 33093
 50198
 14837
 13225
 66051
 29982
 22915
 63394
 48031
 96068
 78690
 56949
 54862
 25227
 72866
 74584
 99706
 17176
 93730
 91208
 33900
 52441
 58866
 38673
 15813
 49860
 10638
 62241
 76253
 71651
 46266
 94239
 99103
 89219
 26258
 58681
 57967
 58146
 91266
 81275
 56652
 86052
 20443
 89904
 22161
 11682
 50796
 90503
 468
 58415
 18103
 21575
 17661
 39410
 22672
 31589
 21347
 67723
 3843
 13800
 74482
 50622
 83816
 53824
 74745
 87190
 80929
 88591
 43875
 61635
 26236
 70332
 19104
 61148
 92798
 42064
 64650
 77572
 90770
 5076
 79585
 85297
 34944
 60454
 99378
 71082
 63306
 24255
 55426
 26464
 57126
 16339
 36355
 83068
 1338
 19199
 87815
 63426
 37541
 40057
 11895
 33924
 13356
 99023
 99891
 67290
 43353
 60292
 34125
 82217
 63207
 35390
 79878
 74184
 48353
 84694
 18253
 98102
 90349
 62861
 88825
 22586
 10678
 56004
 35677
 45866
 34323
 2021
 82346
 38688
 60387
 3174
 99938
 34003
 12638
 80185
 3964
 96426
 40070
 80498
 23107
 64427
 86440
 5084
 27346
 84610
 74141
 35448
 51963
 28942
 79532
 61793
 43376
 6074
 36058
 52570
 54856
 86526
 23201
 51890
 81751
 83994
 67551
 62534
 562
 58257
 4226
 43395
 17015
 26444
 90130
 78014
 82816
 58205
 22631
 34597
 29698
 57810
 35482
 7988
 93527
 52386
 54523
 1358
 48596
 55489
 50023
 85299
 64413
 84105
 48300
 73737
 95553
 79897
 98717
 97272
 22351
 22350
 7737
 96498
 2757
 81384
 36313
 51607
 78309
 59941
 21070
 81039
 54646
 65648
 70362
 30675
 70255
 57325
 74850
 36989
 56771
 89579
 91449
 81250
 10751
 77867
 31368
 13811
 82814
 67843
 75104
 51611
 68666
 71244
 26682
 38660
 96403
 89733
 76414
 22331
 12504
 3929
 64785
 51677
 25600
 34000
 2290
 17288
 17512
 59913
 22994
 87061
 90214
 71944
 59579
 85468
 23558
 73500
 84365
 36994
 75691
 13485
 78382
 97706
 36927
 2853
 46130
 43429
 65180
 11299
 75591
 90801
 54957
 67743
 11586
 26282
 2433
 67228
 90053
 49731
 78610
 92082
 19634
 27593
 89361
 66682
 2360
 9059
 57041
 85945
 47876
 92200
 17476
 89266
 88457
 64632
 15847
 51180
 28495
 63267
 32075
 5037
 20886
 56709
 26473
 2883
 84051
 21353
 52836
 34933
 88633
 91722
 74775
 30791
 23782
 89760
 27395
 67407
 70610
 4933
 35760
 57131
 6052
 63030
 50464
 86670
 42230
 40505
 13028
 3569
 86615
 4659
 14034
 50971
 96776
 89530
 57424
 5591
 22439
 14444
 30263
 31312
 25856
 98231
 80397
 85158
 18671
 17952
 62120
 67700
 28063
 39183
 5669
 54285
 43053
 12649
 21869
 70914
 6520
 51282
 67722
 28444
 3586
 83271
 43817
 8579
 20129
 55836
 3671
 23965
 27122
 32466
 96698
 49004
 67391
 94125
 78068
 1148
 35112
 85937
 67531
 99009
 74381
 59589
 67103
 4667
 33083
 62987
 10058
 37784
 72981
 51184
 34087
 73651
 27614
 66048
 30869
 70096
 38124
 38510
 54129
 15934
 97941
 40861
 96026
 76864
 50570
 23277
 10998
 37309
 48809
 15731
 68488
 11916
 57423
 52085
 48576
 5793
 25451
 44019
 93364
 91408
 94287
 96860
 86057
 66803
 48053
 16565
 12422
 73713
 38854
 70462
 70900
 15653
 83071
 66157
 62318
 74822
 63621
 64334
 14319
 45054
 14074
 72433
 75352
 11433
 30770
 69290
 68989
 20602
 73508
 91078
 73348
 47640
 93355
 98701
 42814
 45046
 50846
 58252
 43506
 15199
 2548
 78879
 46058
 42661
 29796
 77556
 85605
 34358
 3609
 56416
 44895
 82445
 59180
 45083
 16018
 76661
 41514
 9348
 39154
 21222
 96159
 8145
 95409
 91386
 78477
 65279
 14766
 93074
 30881
 83184
 5180
 18254
 50471
 77408
 87895
 23362
 14809
 11311
 30013
 53836
 47769
 60179
 2668
 53373
 83710
 83069
 42495
 37631
 42747
 88796
 42287
 6300
 56798
 73967
 94706
 77565
 38168
 97714
 13377
 44918
 95482
 27773
 81956
 45619
 69478
 38189
 13757
 59313
 86112
 25437
 14971
 23185
 80123
 42346
 31704
 83237
 35992
 71598
 31666
 89585
 3164
 7168
 54916
 60610
 36835
 49135
 90674
 18936
 50482
 32960
 73452
 97440
 4489
 94557
 18219
 88541
 91715
 61008
 30316
 82122
 23283
 44366
 72080
 11406
 36125
 73309
 82711
 46162
 3604
 60564
 42418
 80544
 55191
 13674
 42621
 51176
 64993
 46794
 30128
 71468
 17469
 26527
 59329
 32817
 18648
 91615
 54569
 74247
 51484
 94734
 50536
 70647
 60358
 91943
 20533
 32365
 72802
 94386
 39570
 81772
 39437
 51552
 78666
 76809
 47290
 41091
 72446
 16455
 17249
 53493
 86523
 80252
 69342
 81426
 84001
 65937
 60301
 51074
 16514
 17523
 69899
 92619
 33007
 75342
 91743
 83452
 32762
 42131
 61088
 58876
 60675
 99325
 19816
 5410
 85358
 91971
 30750
 66403
 41827
 19478
 97406
 7142
 96055
 80733
 20025
 53041
 20220
 2266
 92372
 49409
 40685
 80348
 41780
 51261
 78235
 77549
 55376
 68818
 27328
 88454
 17129
 10653
 98751
 58802
 59831
 89416
 80369
 94780
 88415
 77994
 90108
 74815
 13992
 9048
 60320
 60325
 77329
 66063
 63520
 33625
 49849
 465
 12576
 17024
 76133
 89110
 98201
 69154
 89696
 94359
 89181
 66506
 32962
 54088
 41474
 85673
 52863
 57995
 73221
 71709
 74536
 1717
 58580
 9244
 3716
 55130
 84409
 57072
 44843
 97270
 95226
 2730
 91232
 26357
 91143
 36915
 902
 92302
 1911
 63722
 86420
 74390
 18584
 67851
 12494
 24624
 72531
 42911
 80327
 2961
 24401
 12315
 65094
 55887
 7741
 66614
 42779
 5508
 96334
 37956
 61131
 26097
 47582
 8384
 24885
 19167
 43401
 78728
 57074
 59901
 83606
 70275
 49039
 94793
 30372
 93272
 84323
 99850
 82688
 27630
 46035
 62980
 74519
 55278
 70693
 59235
 58260
 54954
 13625
 72586
 5334
 1944
 71477
 59320
 40063
 35055
 70373
 21431
 13211
 32653
 37327
 12741
 13324
 39148
 744
 55563
 3880
 47426
 66227
 18729
 40285
 72913
 19180
 26657
 21806
 32135
 56753
 50461
 30771
 62062
 37661
 52056
 75272
 65229
 70253
 43087
 85000
 38949
 81143
 74400
 83763
 65253
 54203
 76236
 65960
 69170
 24870
 39507
 86625
 92223
 74019
 12325
 33940
 7975
 6864
 75098
 41818
 64795
 69206
 47461
 63023
 45321
 22897
 14122
 41980
 57209
 85238
 81638
 57929
 37449
 77316
 86731
 89741
 75057
 8985
 4806
 66033
 40869
 27726
 83182
 16743
 37565
 6503
 20343
 81022
 63888
 99025
 98908
 18242
 1363
 85199
 74730
 4730
 37806
 29443
 67499
 25615
 96881
 66549
 23715
 6716
 77562
 47650
 79045
 44664
 73711
 12487
 5637
 17381
 69161
 32986
 67441
 95550
 67438
 24066
 85151
 33224
 87770
 70107
 64402
 7742
 96024
 33465
 96788
 42411
 30580
 92642
 80110
 11833
 4021
 21390
 70553
 39147
 35931
 48995
 33004
 95882
 37447
 34471
 13378
 26031
 6437
 55289
 9637
 99481
 64435
 43178
 8200
 73178
 99844
 3821
 34918
 15405
 12588
 82792
 73048
 80701
 62235
 463
 6695
 87643
 14763
 80453
 8543
 16402
 20285
 50534
 41080
 39865
 97884
 91197
 51804
 36211
 73469
 79640
 21201
 50412
 49875
 20017
 40913
 90914
 33540
 68878
 3932
 52234
 44472
 36360
 48604
 55740
 39545
 55500
 26053
 74132
 59318
 1178
 90429
 38159
 27539
 63216
 59583
 28774
 29697
 13943
 25574
 88249
 59710
 17734
 90706
 42123
 61215
 24124
 9562
 84005
 85827
 23056
 52063
 39314
 15042
 25900
 6588
 86612
 62768
 31474
 68359
 61901
 58833
 84156
 44446
 43260
 73136
 97944
 68926
 5109
 54497
 8127
 27725
 93811
 55282
 14179
 37096
 36455
 22593
 38574
 68139
 61516
 93398
 46811
 39122
 25072
 73117
 58233
 83261
 33121
 61176
 15570
 1181
 83329
 87553
 21124
 71870
 48828
 28451
 17806
 42788
 68647
 20415
 68819
 18687
 5456
 79821
 96335
 65783
 91964
 69652
 40653
 54289
 81941
 47184
 80545
 66208
 88527
 91187
 92243
 71493
 62105
 36824
 57204
 31283
 22411
 48640
 87802
 98278
 45206
 90216
 88742
 77274
 51278
 26178
 42596
 91253
 33337
 68163
 7778
 91842
 87673
 81649
 76491
 32832
 11628
 49429
 61680
 90182
 29418
 24039
 93998
 43226
 24274
 82164
 5549
 46749
 90880
 46755
 9377
 69570
 36050
 5386
 69873
 14527
 82875
 28769
 72137
 24097
 18209
 65851
 40061
 67886
 34121
 81302
 61069
 52746
 99035
 2608
 61964
 67756
 9042
 90143
 9918
 62154
 30184
 71659
 8043
 80630
 76727
 74308
 18111
 50955
 60633
 16165
 1751
 69098
 49108
 46688
 65717
 33684
 92437
 90064
 26803
 7507
 10309
 42526
 1378
 34865
 81307
 12677
 81391
 17132
 76252
 76965
 39822
 22905
 37747
 41845
 40188
 13446
 64355
 62195
 89366
 37273
 26490
 95223
 58549
 43528
 54876
 87857
 48659
 47747
 96447
 67319
 50349
 96976
 55667
 73750
 62364
 53429
 38340
 18165
 49307
 69897
 37558
 82710
 81843
 91006
 97085
 88842
 14530
 59762
 22924
 84544
 39563
 76888
 85791
 94162
 21294
 1477
 16260
 83139
 92808
 73762
 99421
 20877
 50849
 35567
 21213
 77496
 55234
 97309
 58903
 2420
 58763
 41739
 68235
 48771
 45593
 88423
 76437
 45411
 88934
 61744
 79173
 90478
 4358
 61304
 27817
 44143
 88626
 33523
 8407
 72983
 77320
 8481
 86646
 78283
 46033
 35116
 19240
 60558
 41979
 22843
 94190
 76599
 85600
 69267
 72575
 89023
 57044
 2803
 64824
 16556
 47375
 63373
 14148
 50859
 20190
 21899
 75556
 62127
 38592
 23977
 10822
 47968
 70718
 89566
 47328
 26439
 55421
 27908
 35417
 50177
 68972
 73922
 17204
 72526
 81604
 3384
 66361
 62081
 53727
 33911
 91668
 2727
 84914
 9287
 52406
 57621
 51972
 39579
 58690
 78517
 28077
 38665
 60638
 14879
 3904
 36895
 21544
 37083
 888
 8345
 81671
 86367
 27176
 61826
 90051
 93737
 2450
 64774
 88793
 89062
 4402
 78150
 64552
 99339
 71773
 55152
 54461
 35994
 16888
 65816
 11961
 54054
 62803
 75349
 9622
 21247
 16584
 20401
 57012
 14045
 55601
 71566
 97751
 312
 85493
 75655
 16543
 75019
 56371
 26712
 41120
 13036
 69009
 84079
 66676
 31598
 39706
 78490
 32070
 8632
 77118
 8951
 95107
 3644
 43104
 64941
 84763
 17673
 43203
 11103
 32141
 20489
 230
 9109
 50644
 15297
 91477
 36011
 78924
 21602
 23828
 54726
 48444
 39691
 77135
 91252
 50218
 16551
 11316
 81595
 67961
 87755
 18202
 22153
 78659
 96949
 91675
 82247
 24308
 65179
 68469
 85298
 17405
 90363
 78910
 61628
 58577
 48202
 15533
 17796
 952
 68866
 63766
 87992
 46247
 21047
